1.660273000000000000e+06 5.038000000000000000e+03
1.660264000000000000e+06 5.087000000000000000e+03
1.660267000000000000e+06 5.023000000000000000e+03
1.660283000000000000e+06 4.924000000000000000e+03
1.660244000000000000e+06 4.975000000000000000e+03
1.660265000000000000e+06 5.002000000000000000e+03
1.660307000000000000e+06 5.007000000000000000e+03
1.660293000000000000e+06 4.961000000000000000e+03
1.660306000000000000e+06 4.993000000000000000e+03
1.660315000000000000e+06 4.998000000000000000e+03
1.660343000000000000e+06 5.005000000000000000e+03
1.660371000000000000e+06 4.987000000000000000e+03
1.660430000000000000e+06 5.028000000000000000e+03
1.660445000000000000e+06 4.898000000000000000e+03
1.660481000000000000e+06 4.915000000000000000e+03
1.660496000000000000e+06 4.960000000000000000e+03
1.660470000000000000e+06 5.018000000000000000e+03
1.660493000000000000e+06 5.058000000000000000e+03
1.660583000000000000e+06 5.043000000000000000e+03
1.660593000000000000e+06 5.057000000000000000e+03
1.660652000000000000e+06 5.075000000000000000e+03
1.660710000000000000e+06 4.990000000000000000e+03
1.660784000000000000e+06 4.905000000000000000e+03
1.660854000000000000e+06 4.942000000000000000e+03
1.660982000000000000e+06 4.893000000000000000e+03
1.660992000000000000e+06 4.764000000000000000e+03
1.661094000000000000e+06 4.759000000000000000e+03
1.661249000000000000e+06 4.679000000000000000e+03
1.661389000000000000e+06 4.665000000000000000e+03
1.661483000000000000e+06 4.555000000000000000e+03
1.661600000000000000e+06 4.640000000000000000e+03
1.661781000000000000e+06 4.570000000000000000e+03
1.661897000000000000e+06 4.445000000000000000e+03
1.662099000000000000e+06 4.536000000000000000e+03
1.662217000000000000e+06 4.767000000000000000e+03
1.662502000000000000e+06 4.394000000000000000e+03
1.662740000000000000e+06 4.522000000000000000e+03
1.662878000000000000e+06 4.409000000000000000e+03
1.663138000000000000e+06 4.369000000000000000e+03
1.663383000000000000e+06 4.238000000000000000e+03
1.663737000000000000e+06 3.783000000000000000e+03
1.664158000000000000e+06 3.935000000000000000e+03
1.664417000000000000e+06 3.612000000000000000e+03
1.664927000000000000e+06 3.568000000000000000e+03
1.665222000000000000e+06 3.675000000000000000e+03
1.665774000000000000e+06 3.224000000000000000e+03
1.666316000000000000e+06 2.947000000000000000e+03
1.666898000000000000e+06 2.342000000000000000e+03
1.667775000000000000e+06 2.434000000000000000e+03
1.668604000000000000e+06 2.660000000000000000e+03
1.669339000000000000e+06 2.422000000000000000e+03
1.669845000000000000e+06 1.696000000000000000e+03
1.670953000000000000e+06 1.390000000000000000e+03
1.672054000000000000e+06 1.110000000000000000e+03
1.673024000000000000e+06 7.210000000000000000e+02
1.674108000000000000e+06 8.930000000000000000e+02
1.675748000000000000e+06 3.070000000000000000e+02
1.677270000000000000e+06 2.350000000000000000e+02
1.677982000000000000e+06 1.210000000000000000e+02
1.679719000000000000e+06 1.230000000000000000e+02
1.681952000000000000e+06 1.170000000000000000e+02
1.684078000000000000e+06 1.190000000000000000e+02
1.686251000000000000e+06 1.160000000000000000e+02
1.688586000000000000e+06 1.220000000000000000e+02
1.691746000000000000e+06 1.220000000000000000e+02
1.693383000000000000e+06 1.240000000000000000e+02
1.693080000000000000e+06 1.240000000000000000e+02
1.692639000000000000e+06 1.270000000000000000e+02
1.692292000000000000e+06 1.260000000000000000e+02
1.692046000000000000e+06 1.260000000000000000e+02
1.691830000000000000e+06 1.260000000000000000e+02
1.691675000000000000e+06 1.240000000000000000e+02
1.691569000000000000e+06 1.260000000000000000e+02
1.691430000000000000e+06 1.270000000000000000e+02
1.691264000000000000e+06 1.260000000000000000e+02
1.691132000000000000e+06 1.300000000000000000e+02
1.690920000000000000e+06 1.270000000000000000e+02
1.689953000000000000e+06 1.290000000000000000e+02
1.687173000000000000e+06 1.250000000000000000e+02
1.684861000000000000e+06 1.210000000000000000e+02
1.682101000000000000e+06 1.270000000000000000e+02
1.679743000000000000e+06 1.240000000000000000e+02
1.677241000000000000e+06 1.160000000000000000e+02
1.674997000000000000e+06 1.200000000000000000e+02
1.673536000000000000e+06 1.180000000000000000e+02
1.671966000000000000e+06 1.550000000000000000e+02
1.671077000000000000e+06 8.790000000000000000e+02
1.669622000000000000e+06 1.222000000000000000e+03
1.668658000000000000e+06 1.902000000000000000e+03
1.667749000000000000e+06 2.141000000000000000e+03
1.666716000000000000e+06 2.563000000000000000e+03
1.665751000000000000e+06 2.864000000000000000e+03
1.665100000000000000e+06 3.330000000000000000e+03
1.664679000000000000e+06 3.361000000000000000e+03
1.664035000000000000e+06 3.733000000000000000e+03
1.663488000000000000e+06 3.873000000000000000e+03
1.663048000000000000e+06 4.093000000000000000e+03
1.662648000000000000e+06 4.141000000000000000e+03
1.662255000000000000e+06 4.183000000000000000e+03
1.661998000000000000e+06 4.231000000000000000e+03
1.661841000000000000e+06 4.196000000000000000e+03
1.661656000000000000e+06 4.598000000000000000e+03
1.661425000000000000e+06 4.732000000000000000e+03
1.661170000000000000e+06 4.695000000000000000e+03
1.661085000000000000e+06 4.868000000000000000e+03
1.660974000000000000e+06 4.865000000000000000e+03
1.660801000000000000e+06 4.696000000000000000e+03
1.660737000000000000e+06 4.850000000000000000e+03
1.660716000000000000e+06 4.885000000000000000e+03
1.660605000000000000e+06 4.875000000000000000e+03
1.660539000000000000e+06 4.978000000000000000e+03
1.660481000000000000e+06 5.021000000000000000e+03
1.660458000000000000e+06 5.052000000000000000e+03
1.660383000000000000e+06 5.020000000000000000e+03
1.660333000000000000e+06 5.054000000000000000e+03
1.660327000000000000e+06 5.037000000000000000e+03
1.660305000000000000e+06 5.075000000000000000e+03
1.660376000000000000e+06 4.988000000000000000e+03
1.660328000000000000e+06 5.053000000000000000e+03
1.660336000000000000e+06 5.015000000000000000e+03
1.660291000000000000e+06 5.033000000000000000e+03
1.660346000000000000e+06 5.065000000000000000e+03
1.660379000000000000e+06 4.994000000000000000e+03
1.660292000000000000e+06 5.044000000000000000e+03
1.660283000000000000e+06 5.043000000000000000e+03
1.660309000000000000e+06 5.029000000000000000e+03
1.660293000000000000e+06 4.990000000000000000e+03
1.660314000000000000e+06 4.995000000000000000e+03
1.660294000000000000e+06 4.979000000000000000e+03
1.660261000000000000e+06 5.019000000000000000e+03
1.660306000000000000e+06 4.984000000000000000e+03
1.660332000000000000e+06 5.026000000000000000e+03
1.660298000000000000e+06 5.008000000000000000e+03
1.660301000000000000e+06 5.036000000000000000e+03
1.660264000000000000e+06 5.021000000000000000e+03
1.660306000000000000e+06 5.001000000000000000e+03
1.660305000000000000e+06 5.003000000000000000e+03
1.660308000000000000e+06 5.014000000000000000e+03
1.660368000000000000e+06 4.965000000000000000e+03
1.660391000000000000e+06 5.005000000000000000e+03
1.660427000000000000e+06 4.976000000000000000e+03
1.660447000000000000e+06 4.974000000000000000e+03
1.660509000000000000e+06 5.002000000000000000e+03
1.660543000000000000e+06 4.979000000000000000e+03
1.660490000000000000e+06 4.960000000000000000e+03
1.660484000000000000e+06 5.013000000000000000e+03
1.660599000000000000e+06 4.883000000000000000e+03
1.660585000000000000e+06 4.951000000000000000e+03
1.660673000000000000e+06 4.932000000000000000e+03
1.660654000000000000e+06 4.983000000000000000e+03
1.660689000000000000e+06 4.947000000000000000e+03
1.660861000000000000e+06 4.959000000000000000e+03
1.660941000000000000e+06 4.994000000000000000e+03
1.660996000000000000e+06 4.940000000000000000e+03
1.661131000000000000e+06 4.877000000000000000e+03
1.661187000000000000e+06 4.887000000000000000e+03
1.661268000000000000e+06 4.797000000000000000e+03
1.661493000000000000e+06 4.937000000000000000e+03
1.661590000000000000e+06 4.641000000000000000e+03
1.661665000000000000e+06 4.767000000000000000e+03
1.661918000000000000e+06 4.761000000000000000e+03
1.662043000000000000e+06 4.704000000000000000e+03
1.662204000000000000e+06 4.582000000000000000e+03
1.662387000000000000e+06 4.629000000000000000e+03
1.662696000000000000e+06 4.422000000000000000e+03
1.662943000000000000e+06 4.154000000000000000e+03
1.663100000000000000e+06 4.235000000000000000e+03
1.663359000000000000e+06 4.252000000000000000e+03
1.663717000000000000e+06 4.183000000000000000e+03
1.664067000000000000e+06 3.702000000000000000e+03
1.664356000000000000e+06 3.743000000000000000e+03
1.664819000000000000e+06 3.628000000000000000e+03
1.665357000000000000e+06 3.549000000000000000e+03
1.665680000000000000e+06 3.220000000000000000e+03
1.666241000000000000e+06 3.281000000000000000e+03
1.666785000000000000e+06 2.487000000000000000e+03
1.667694000000000000e+06 2.609000000000000000e+03
1.668485000000000000e+06 2.686000000000000000e+03
1.669218000000000000e+06 2.149000000000000000e+03
1.670098000000000000e+06 1.549000000000000000e+03
1.670739000000000000e+06 1.711000000000000000e+03
1.671862000000000000e+06 1.766000000000000000e+03
1.672810000000000000e+06 1.201000000000000000e+03
1.673945000000000000e+06 6.260000000000000000e+02
1.675496000000000000e+06 6.030000000000000000e+02
1.676894000000000000e+06 4.850000000000000000e+02
1.678357000000000000e+06 2.040000000000000000e+02
1.679422000000000000e+06 1.150000000000000000e+02
1.681628000000000000e+06 1.160000000000000000e+02
1.683860000000000000e+06 1.180000000000000000e+02
1.685952000000000000e+06 1.190000000000000000e+02
1.688270000000000000e+06 1.210000000000000000e+02
1.691381000000000000e+06 1.210000000000000000e+02
1.693390000000000000e+06 1.250000000000000000e+02
1.693007000000000000e+06 1.260000000000000000e+02
1.692576000000000000e+06 1.290000000000000000e+02
1.692247000000000000e+06 1.250000000000000000e+02
1.691981000000000000e+06 1.280000000000000000e+02
1.691808000000000000e+06 1.260000000000000000e+02
1.691618000000000000e+06 1.280000000000000000e+02
1.691467000000000000e+06 1.290000000000000000e+02
1.691369000000000000e+06 1.240000000000000000e+02
1.691249000000000000e+06 1.300000000000000000e+02
1.691086000000000000e+06 1.260000000000000000e+02
1.690922000000000000e+06 1.260000000000000000e+02
1.689977000000000000e+06 1.260000000000000000e+02
1.687205000000000000e+06 1.280000000000000000e+02
1.683592000000000000e+06 1.200000000000000000e+02
1.682054000000000000e+06 1.190000000000000000e+02
1.679701000000000000e+06 1.180000000000000000e+02
1.677219000000000000e+06 1.170000000000000000e+02
1.674938000000000000e+06 1.180000000000000000e+02
1.673524000000000000e+06 1.400000000000000000e+02
1.671931000000000000e+06 8.250000000000000000e+02
1.670414000000000000e+06 1.140000000000000000e+03
1.669547000000000000e+06 1.634000000000000000e+03
1.668566000000000000e+06 1.804000000000000000e+03
1.667665000000000000e+06 2.193000000000000000e+03
1.666599000000000000e+06 2.493000000000000000e+03
1.665628000000000000e+06 2.877000000000000000e+03
1.665038000000000000e+06 3.556000000000000000e+03
1.664368000000000000e+06 3.688000000000000000e+03
1.663965000000000000e+06 4.030000000000000000e+03
1.663388000000000000e+06 3.928000000000000000e+03
1.663009000000000000e+06 3.902000000000000000e+03
1.662656000000000000e+06 4.051000000000000000e+03
1.662254000000000000e+06 4.142000000000000000e+03
1.661895000000000000e+06 4.409000000000000000e+03
1.661720000000000000e+06 4.397000000000000000e+03
1.661545000000000000e+06 4.760000000000000000e+03
1.661295000000000000e+06 4.667000000000000000e+03
1.661160000000000000e+06 4.751000000000000000e+03
1.661099000000000000e+06 4.752000000000000000e+03
1.660942000000000000e+06 4.897000000000000000e+03
1.660778000000000000e+06 5.052000000000000000e+03
1.660697000000000000e+06 4.948000000000000000e+03
1.660692000000000000e+06 4.889000000000000000e+03
1.660603000000000000e+06 4.812000000000000000e+03
1.660490000000000000e+06 4.941000000000000000e+03
1.660497000000000000e+06 4.915000000000000000e+03
1.660419000000000000e+06 5.087000000000000000e+03
1.660388000000000000e+06 4.996000000000000000e+03
1.660352000000000000e+06 5.056000000000000000e+03
1.660359000000000000e+06 5.027000000000000000e+03
1.660376000000000000e+06 5.167000000000000000e+03
1.660337000000000000e+06 5.015000000000000000e+03
1.660325000000000000e+06 4.972000000000000000e+03
1.660299000000000000e+06 4.989000000000000000e+03
1.660330000000000000e+06 5.013000000000000000e+03
1.660306000000000000e+06 5.044000000000000000e+03
1.660316000000000000e+06 4.957000000000000000e+03
1.660278000000000000e+06 5.000000000000000000e+03
1.660260000000000000e+06 5.030000000000000000e+03
1.660293000000000000e+06 5.028000000000000000e+03
1.660232000000000000e+06 5.005000000000000000e+03
1.660289000000000000e+06 5.041000000000000000e+03
1.660248000000000000e+06 4.977000000000000000e+03
1.660247000000000000e+06 4.920000000000000000e+03
1.660302000000000000e+06 4.954000000000000000e+03
1.660286000000000000e+06 4.950000000000000000e+03
1.660288000000000000e+06 4.932000000000000000e+03
1.660289000000000000e+06 4.983000000000000000e+03
1.660332000000000000e+06 4.880000000000000000e+03
1.660341000000000000e+06 4.943000000000000000e+03
1.660311000000000000e+06 4.908000000000000000e+03
1.660327000000000000e+06 4.936000000000000000e+03
1.660340000000000000e+06 4.980000000000000000e+03
1.660367000000000000e+06 4.962000000000000000e+03
1.660435000000000000e+06 5.060000000000000000e+03
1.660430000000000000e+06 4.986000000000000000e+03
1.660482000000000000e+06 4.931000000000000000e+03
1.660473000000000000e+06 5.035000000000000000e+03
1.660513000000000000e+06 4.986000000000000000e+03
1.660560000000000000e+06 5.062000000000000000e+03
1.660571000000000000e+06 5.089000000000000000e+03
1.660554000000000000e+06 4.959000000000000000e+03
1.660614000000000000e+06 4.994000000000000000e+03
1.660696000000000000e+06 5.003000000000000000e+03
1.660719000000000000e+06 5.035000000000000000e+03
1.660722000000000000e+06 4.990000000000000000e+03
1.660905000000000000e+06 4.964000000000000000e+03
1.660955000000000000e+06 5.050000000000000000e+03
1.661050000000000000e+06 4.909000000000000000e+03
1.661163000000000000e+06 5.044000000000000000e+03
1.661297000000000000e+06 4.833000000000000000e+03
1.661420000000000000e+06 4.827000000000000000e+03
1.661505000000000000e+06 4.665000000000000000e+03
1.661645000000000000e+06 4.599000000000000000e+03
1.661785000000000000e+06 4.779000000000000000e+03
1.661921000000000000e+06 4.779000000000000000e+03
1.662107000000000000e+06 4.717000000000000000e+03
1.662333000000000000e+06 4.570000000000000000e+03
1.662605000000000000e+06 4.429000000000000000e+03
1.662808000000000000e+06 4.119000000000000000e+03
1.663063000000000000e+06 4.340000000000000000e+03
1.663186000000000000e+06 4.235000000000000000e+03
1.663555000000000000e+06 4.163000000000000000e+03
1.663903000000000000e+06 3.966000000000000000e+03
1.664216000000000000e+06 3.801000000000000000e+03
1.664617000000000000e+06 3.385000000000000000e+03
1.665182000000000000e+06 3.309000000000000000e+03
1.665732000000000000e+06 3.095000000000000000e+03
1.666022000000000000e+06 3.139000000000000000e+03
1.666633000000000000e+06 2.589000000000000000e+03
1.667489000000000000e+06 2.637000000000000000e+03
1.668250000000000000e+06 2.680000000000000000e+03
1.668917000000000000e+06 2.286000000000000000e+03
1.669832000000000000e+06 1.963000000000000000e+03
1.670984000000000000e+06 1.420000000000000000e+03
1.671590000000000000e+06 1.259000000000000000e+03
1.672563000000000000e+06 1.223000000000000000e+03
1.673560000000000000e+06 1.375000000000000000e+03
1.675204000000000000e+06 8.110000000000000000e+02
1.676715000000000000e+06 1.820000000000000000e+02
1.678023000000000000e+06 3.400000000000000000e+02
1.679985000000000000e+06 1.180000000000000000e+02
1.681378000000000000e+06 1.220000000000000000e+02
1.683492000000000000e+06 1.190000000000000000e+02
1.685668000000000000e+06 1.210000000000000000e+02
1.687962000000000000e+06 1.220000000000000000e+02
1.691149000000000000e+06 1.200000000000000000e+02
1.693363000000000000e+06 1.240000000000000000e+02
1.692743000000000000e+06 1.260000000000000000e+02
1.692513000000000000e+06 1.290000000000000000e+02
1.692194000000000000e+06 1.240000000000000000e+02
1.691914000000000000e+06 1.270000000000000000e+02
1.691724000000000000e+06 1.220000000000000000e+02
1.691571000000000000e+06 1.220000000000000000e+02
1.691402000000000000e+06 1.280000000000000000e+02
1.691249000000000000e+06 1.290000000000000000e+02
1.691161000000000000e+06 1.250000000000000000e+02
1.691058000000000000e+06 1.260000000000000000e+02
1.690855000000000000e+06 1.260000000000000000e+02
1.690049000000000000e+06 1.260000000000000000e+02
1.687480000000000000e+06 1.240000000000000000e+02
1.683761000000000000e+06 1.220000000000000000e+02
1.681070000000000000e+06 1.200000000000000000e+02
1.679764000000000000e+06 1.190000000000000000e+02
1.677288000000000000e+06 1.160000000000000000e+02
1.674962000000000000e+06 1.200000000000000000e+02
1.673512000000000000e+06 4.900000000000000000e+02
1.671944000000000000e+06 1.085000000000000000e+03
1.670470000000000000e+06 1.600000000000000000e+03
1.669185000000000000e+06 1.778000000000000000e+03
1.668549000000000000e+06 1.715000000000000000e+03
1.667629000000000000e+06 2.265000000000000000e+03
1.666629000000000000e+06 2.748000000000000000e+03
1.665604000000000000e+06 3.130000000000000000e+03
1.665045000000000000e+06 3.386000000000000000e+03
1.664368000000000000e+06 3.393000000000000000e+03
1.663718000000000000e+06 4.025000000000000000e+03
1.663335000000000000e+06 4.025000000000000000e+03
1.662987000000000000e+06 4.259000000000000000e+03
1.662600000000000000e+06 3.978000000000000000e+03
1.662301000000000000e+06 4.156000000000000000e+03
1.661933000000000000e+06 4.484000000000000000e+03
1.661676000000000000e+06 4.479000000000000000e+03
1.661459000000000000e+06 4.742000000000000000e+03
1.661343000000000000e+06 4.733000000000000000e+03
1.661200000000000000e+06 4.899000000000000000e+03
1.661040000000000000e+06 4.888000000000000000e+03
1.660862000000000000e+06 4.859000000000000000e+03
1.660801000000000000e+06 4.879000000000000000e+03
1.660620000000000000e+06 4.970000000000000000e+03
1.660638000000000000e+06 4.892000000000000000e+03
1.660574000000000000e+06 4.990000000000000000e+03
1.660469000000000000e+06 5.167000000000000000e+03
1.660482000000000000e+06 5.019000000000000000e+03
1.660469000000000000e+06 5.051000000000000000e+03
1.660338000000000000e+06 5.036000000000000000e+03
1.660356000000000000e+06 5.020000000000000000e+03
1.660396000000000000e+06 5.049000000000000000e+03
1.660411000000000000e+06 5.087000000000000000e+03
1.660384000000000000e+06 5.035000000000000000e+03
1.660319000000000000e+06 5.041000000000000000e+03
1.660291000000000000e+06 4.979000000000000000e+03
1.660324000000000000e+06 5.026000000000000000e+03
1.660292000000000000e+06 4.985000000000000000e+03
1.660303000000000000e+06 4.967000000000000000e+03
1.660278000000000000e+06 5.031000000000000000e+03
1.660342000000000000e+06 5.027000000000000000e+03
1.660245000000000000e+06 5.003000000000000000e+03
1.660307000000000000e+06 4.995000000000000000e+03
1.660275000000000000e+06 5.021000000000000000e+03
1.660327000000000000e+06 5.010000000000000000e+03
1.660286000000000000e+06 5.019000000000000000e+03
1.660259000000000000e+06 5.015000000000000000e+03
1.660344000000000000e+06 4.997000000000000000e+03
1.660277000000000000e+06 4.936000000000000000e+03
1.660279000000000000e+06 4.966000000000000000e+03
1.660294000000000000e+06 4.998000000000000000e+03
1.660239000000000000e+06 4.977000000000000000e+03
1.660257000000000000e+06 4.924000000000000000e+03
1.660387000000000000e+06 4.942000000000000000e+03
1.660397000000000000e+06 4.961000000000000000e+03
1.660463000000000000e+06 4.966000000000000000e+03
1.660388000000000000e+06 4.965000000000000000e+03
1.660378000000000000e+06 4.945000000000000000e+03
1.660493000000000000e+06 4.973000000000000000e+03
1.660434000000000000e+06 4.991000000000000000e+03
1.660509000000000000e+06 4.915000000000000000e+03
1.660539000000000000e+06 5.023000000000000000e+03
1.660566000000000000e+06 4.948000000000000000e+03
1.660584000000000000e+06 4.992000000000000000e+03
1.660637000000000000e+06 5.040000000000000000e+03
1.660687000000000000e+06 5.027000000000000000e+03
1.660720000000000000e+06 5.025000000000000000e+03
1.660729000000000000e+06 5.042000000000000000e+03
1.660831000000000000e+06 5.021000000000000000e+03
1.660934000000000000e+06 4.992000000000000000e+03
1.660955000000000000e+06 5.023000000000000000e+03
1.661087000000000000e+06 4.813000000000000000e+03
1.661247000000000000e+06 4.909000000000000000e+03
1.661371000000000000e+06 4.750000000000000000e+03
1.661464000000000000e+06 4.836000000000000000e+03
1.661592000000000000e+06 4.558000000000000000e+03
1.661795000000000000e+06 4.748000000000000000e+03
1.661914000000000000e+06 4.767000000000000000e+03
1.662071000000000000e+06 4.611000000000000000e+03
1.662287000000000000e+06 4.689000000000000000e+03
1.662479000000000000e+06 4.642000000000000000e+03
1.662764000000000000e+06 4.261000000000000000e+03
1.662973000000000000e+06 4.276000000000000000e+03
1.663225000000000000e+06 4.000000000000000000e+03
1.663460000000000000e+06 3.982000000000000000e+03
1.663761000000000000e+06 3.707000000000000000e+03
1.664121000000000000e+06 3.980000000000000000e+03
1.664462000000000000e+06 3.370000000000000000e+03
1.664969000000000000e+06 3.235000000000000000e+03
1.665509000000000000e+06 3.166000000000000000e+03
1.666072000000000000e+06 3.317000000000000000e+03
1.666419000000000000e+06 3.210000000000000000e+03
1.667242000000000000e+06 3.041000000000000000e+03
1.668037000000000000e+06 2.748000000000000000e+03
1.668678000000000000e+06 2.470000000000000000e+03
1.669576000000000000e+06 2.223000000000000000e+03
1.670684000000000000e+06 2.272000000000000000e+03
1.671659000000000000e+06 1.826000000000000000e+03
1.672281000000000000e+06 1.848000000000000000e+03
1.673353000000000000e+06 1.027000000000000000e+03
1.674978000000000000e+06 9.080000000000000000e+02
1.676433000000000000e+06 2.760000000000000000e+02
1.677752000000000000e+06 1.420000000000000000e+02
1.679602000000000000e+06 1.190000000000000000e+02
1.681895000000000000e+06 1.190000000000000000e+02
1.683207000000000000e+06 1.180000000000000000e+02
1.685400000000000000e+06 1.200000000000000000e+02
1.687617000000000000e+06 1.220000000000000000e+02
1.690817000000000000e+06 1.220000000000000000e+02
1.693260000000000000e+06 1.230000000000000000e+02
1.692682000000000000e+06 1.200000000000000000e+02
1.692287000000000000e+06 1.250000000000000000e+02
1.692101000000000000e+06 1.210000000000000000e+02
1.691862000000000000e+06 1.270000000000000000e+02
1.691624000000000000e+06 1.280000000000000000e+02
1.691495000000000000e+06 1.250000000000000000e+02
1.691279000000000000e+06 1.320000000000000000e+02
1.691144000000000000e+06 1.270000000000000000e+02
1.691052000000000000e+06 1.280000000000000000e+02
1.690941000000000000e+06 1.290000000000000000e+02
1.690757000000000000e+06 1.270000000000000000e+02
1.690104000000000000e+06 1.240000000000000000e+02
1.687646000000000000e+06 1.230000000000000000e+02
1.683874000000000000e+06 1.200000000000000000e+02
1.681198000000000000e+06 1.190000000000000000e+02
1.678813000000000000e+06 1.170000000000000000e+02
1.677349000000000000e+06 1.190000000000000000e+02
1.675000000000000000e+06 1.220000000000000000e+02
1.673507000000000000e+06 2.610000000000000000e+02
1.671983000000000000e+06 1.085000000000000000e+03
1.670523000000000000e+06 1.735000000000000000e+03
1.669194000000000000e+06 1.950000000000000000e+03
1.668158000000000000e+06 2.106000000000000000e+03
1.667609000000000000e+06 2.584000000000000000e+03
1.666647000000000000e+06 2.962000000000000000e+03
1.665651000000000000e+06 3.103000000000000000e+03
1.665042000000000000e+06 3.592000000000000000e+03
1.664425000000000000e+06 3.743000000000000000e+03
1.663744000000000000e+06 3.895000000000000000e+03
1.663194000000000000e+06 4.105000000000000000e+03
1.662928000000000000e+06 4.298000000000000000e+03
1.662645000000000000e+06 4.402000000000000000e+03
1.662205000000000000e+06 4.287000000000000000e+03
1.661872000000000000e+06 4.366000000000000000e+03
1.661702000000000000e+06 4.655000000000000000e+03
1.661533000000000000e+06 4.784000000000000000e+03
1.661295000000000000e+06 4.852000000000000000e+03
1.661176000000000000e+06 4.941000000000000000e+03
1.661019000000000000e+06 5.047000000000000000e+03
1.660893000000000000e+06 4.613000000000000000e+03
1.660783000000000000e+06 4.854000000000000000e+03
1.660624000000000000e+06 5.009000000000000000e+03
1.660593000000000000e+06 4.920000000000000000e+03
1.660528000000000000e+06 5.060000000000000000e+03
1.660504000000000000e+06 4.973000000000000000e+03
1.660448000000000000e+06 4.997000000000000000e+03
1.660406000000000000e+06 5.016000000000000000e+03
1.660400000000000000e+06 5.070000000000000000e+03
1.660329000000000000e+06 5.131000000000000000e+03
1.660360000000000000e+06 5.060000000000000000e+03
1.660353000000000000e+06 4.964000000000000000e+03
1.660294000000000000e+06 5.065000000000000000e+03
1.660352000000000000e+06 5.009000000000000000e+03
1.660333000000000000e+06 5.091000000000000000e+03
1.660303000000000000e+06 5.004000000000000000e+03
1.660308000000000000e+06 5.028000000000000000e+03
1.660335000000000000e+06 5.030000000000000000e+03
1.660297000000000000e+06 4.997000000000000000e+03
1.660245000000000000e+06 4.952000000000000000e+03
1.660233000000000000e+06 4.992000000000000000e+03
1.660227000000000000e+06 5.047000000000000000e+03
1.660256000000000000e+06 4.963000000000000000e+03
1.660302000000000000e+06 5.046000000000000000e+03
1.660273000000000000e+06 5.023000000000000000e+03
1.660267000000000000e+06 5.048000000000000000e+03
1.660306000000000000e+06 5.023000000000000000e+03
1.660262000000000000e+06 5.072000000000000000e+03
1.660299000000000000e+06 5.041000000000000000e+03
1.660313000000000000e+06 5.045000000000000000e+03
1.660286000000000000e+06 5.055000000000000000e+03
1.660279000000000000e+06 5.039000000000000000e+03
1.660341000000000000e+06 4.954000000000000000e+03
1.660302000000000000e+06 5.010000000000000000e+03
1.660331000000000000e+06 5.052000000000000000e+03
1.660396000000000000e+06 5.038000000000000000e+03
1.660389000000000000e+06 5.024000000000000000e+03
1.660455000000000000e+06 4.973000000000000000e+03
1.660447000000000000e+06 5.049000000000000000e+03
1.660469000000000000e+06 5.105000000000000000e+03
1.660522000000000000e+06 5.035000000000000000e+03
1.660569000000000000e+06 5.015000000000000000e+03
1.660562000000000000e+06 4.994000000000000000e+03
1.660592000000000000e+06 5.007000000000000000e+03
1.660677000000000000e+06 5.037000000000000000e+03
1.660781000000000000e+06 5.049000000000000000e+03
1.660740000000000000e+06 4.964000000000000000e+03
1.660759000000000000e+06 5.048000000000000000e+03
1.660935000000000000e+06 5.012000000000000000e+03
1.661009000000000000e+06 4.934000000000000000e+03
1.661020000000000000e+06 4.925000000000000000e+03
1.661196000000000000e+06 4.975000000000000000e+03
1.661348000000000000e+06 4.812000000000000000e+03
1.661449000000000000e+06 4.891000000000000000e+03
1.661567000000000000e+06 4.974000000000000000e+03
1.661765000000000000e+06 4.822000000000000000e+03
1.661903000000000000e+06 4.806000000000000000e+03
1.661979000000000000e+06 4.785000000000000000e+03
1.662185000000000000e+06 4.568000000000000000e+03
1.662443000000000000e+06 4.508000000000000000e+03
1.662710000000000000e+06 4.436000000000000000e+03
1.662881000000000000e+06 4.199000000000000000e+03
1.663106000000000000e+06 4.235000000000000000e+03
1.663494000000000000e+06 4.130000000000000000e+03
1.663723000000000000e+06 4.216000000000000000e+03
1.664007000000000000e+06 4.081000000000000000e+03
1.664370000000000000e+06 3.753000000000000000e+03
1.664906000000000000e+06 3.822000000000000000e+03
1.665388000000000000e+06 3.553000000000000000e+03
1.665884000000000000e+06 3.514000000000000000e+03
1.666583000000000000e+06 3.217000000000000000e+03
1.667119000000000000e+06 3.072000000000000000e+03
1.667864000000000000e+06 2.722000000000000000e+03
1.668590000000000000e+06 2.649000000000000000e+03
1.669408000000000000e+06 2.316000000000000000e+03
1.670529000000000000e+06 1.913000000000000000e+03
1.671534000000000000e+06 1.952000000000000000e+03
1.672524000000000000e+06 1.744000000000000000e+03
1.673171000000000000e+06 1.244000000000000000e+03
1.674720000000000000e+06 9.380000000000000000e+02
1.676197000000000000e+06 1.430000000000000000e+02
1.677582000000000000e+06 1.200000000000000000e+02
1.679334000000000000e+06 1.190000000000000000e+02
1.681637000000000000e+06 1.180000000000000000e+02
1.683867000000000000e+06 1.180000000000000000e+02
1.685172000000000000e+06 1.180000000000000000e+02
1.687456000000000000e+06 1.220000000000000000e+02
1.690618000000000000e+06 1.230000000000000000e+02
1.693223000000000000e+06 1.230000000000000000e+02
1.692628000000000000e+06 1.240000000000000000e+02
1.692225000000000000e+06 1.220000000000000000e+02
1.691934000000000000e+06 1.270000000000000000e+02
1.691812000000000000e+06 1.260000000000000000e+02
1.691615000000000000e+06 1.210000000000000000e+02
1.691401000000000000e+06 1.210000000000000000e+02
1.691250000000000000e+06 1.270000000000000000e+02
1.691140000000000000e+06 1.300000000000000000e+02
1.690987000000000000e+06 1.250000000000000000e+02
1.690890000000000000e+06 1.260000000000000000e+02
1.690797000000000000e+06 1.260000000000000000e+02
1.690094000000000000e+06 1.280000000000000000e+02
1.687766000000000000e+06 1.220000000000000000e+02
1.683957000000000000e+06 1.200000000000000000e+02
1.681334000000000000e+06 1.200000000000000000e+02
1.678974000000000000e+06 1.180000000000000000e+02
1.676500000000000000e+06 1.210000000000000000e+02
1.675081000000000000e+06 1.440000000000000000e+02
1.673612000000000000e+06 8.370000000000000000e+02
1.672072000000000000e+06 1.619000000000000000e+03
1.670563000000000000e+06 1.832000000000000000e+03
1.669196000000000000e+06 1.911000000000000000e+03
1.668205000000000000e+06 2.064000000000000000e+03
1.667256000000000000e+06 2.516000000000000000e+03
1.666646000000000000e+06 2.886000000000000000e+03
1.665655000000000000e+06 3.333000000000000000e+03
1.665080000000000000e+06 3.383000000000000000e+03
1.664416000000000000e+06 3.935000000000000000e+03
1.663743000000000000e+06 4.074000000000000000e+03
1.663227000000000000e+06 4.077000000000000000e+03
1.662823000000000000e+06 4.115000000000000000e+03
1.662612000000000000e+06 4.202000000000000000e+03
1.662233000000000000e+06 4.479000000000000000e+03
1.661898000000000000e+06 4.469000000000000000e+03
1.661690000000000000e+06 4.632000000000000000e+03
1.661480000000000000e+06 4.876000000000000000e+03
1.661259000000000000e+06 4.781000000000000000e+03
1.661112000000000000e+06 4.844000000000000000e+03
1.661043000000000000e+06 4.825000000000000000e+03
1.660927000000000000e+06 4.827000000000000000e+03
1.660786000000000000e+06 4.839000000000000000e+03
1.660663000000000000e+06 4.938000000000000000e+03
1.660615000000000000e+06 4.978000000000000000e+03
1.660532000000000000e+06 5.030000000000000000e+03
1.660480000000000000e+06 5.207000000000000000e+03
1.660480000000000000e+06 5.020000000000000000e+03
1.660422000000000000e+06 4.953000000000000000e+03
1.660443000000000000e+06 5.103000000000000000e+03
1.660354000000000000e+06 5.037000000000000000e+03
1.660382000000000000e+06 5.035000000000000000e+03
1.660349000000000000e+06 5.033000000000000000e+03
1.660296000000000000e+06 5.126000000000000000e+03
1.660279000000000000e+06 5.067000000000000000e+03
1.660313000000000000e+06 5.056000000000000000e+03
1.660296000000000000e+06 5.021000000000000000e+03
1.660290000000000000e+06 5.059000000000000000e+03
1.660303000000000000e+06 4.972000000000000000e+03
1.660327000000000000e+06 5.088000000000000000e+03
1.660336000000000000e+06 5.031000000000000000e+03
1.660307000000000000e+06 5.086000000000000000e+03
1.660256000000000000e+06 5.020000000000000000e+03
1.660302000000000000e+06 4.991000000000000000e+03
1.660276000000000000e+06 5.054000000000000000e+03
1.660232000000000000e+06 5.036000000000000000e+03
1.660283000000000000e+06 5.127000000000000000e+03
1.660293000000000000e+06 5.056000000000000000e+03
1.660292000000000000e+06 5.058000000000000000e+03
1.660262000000000000e+06 5.012000000000000000e+03
1.660310000000000000e+06 4.999000000000000000e+03
1.660335000000000000e+06 4.975000000000000000e+03
1.660316000000000000e+06 5.025000000000000000e+03
1.660329000000000000e+06 5.016000000000000000e+03
1.660321000000000000e+06 4.973000000000000000e+03
1.660397000000000000e+06 4.954000000000000000e+03
1.660372000000000000e+06 4.967000000000000000e+03
1.660395000000000000e+06 5.005000000000000000e+03
1.660395000000000000e+06 4.986000000000000000e+03
1.660459000000000000e+06 4.982000000000000000e+03
1.660499000000000000e+06 4.981000000000000000e+03
1.660514000000000000e+06 4.971000000000000000e+03
1.660546000000000000e+06 5.028000000000000000e+03
1.660585000000000000e+06 4.930000000000000000e+03
1.660621000000000000e+06 5.031000000000000000e+03
1.660622000000000000e+06 5.079000000000000000e+03
1.660634000000000000e+06 5.015000000000000000e+03
1.660729000000000000e+06 5.070000000000000000e+03
1.660770000000000000e+06 4.957000000000000000e+03
1.660945000000000000e+06 5.032000000000000000e+03
1.660974000000000000e+06 4.956000000000000000e+03
1.661047000000000000e+06 4.891000000000000000e+03
1.661163000000000000e+06 4.821000000000000000e+03
1.661301000000000000e+06 4.734000000000000000e+03
1.661391000000000000e+06 4.801000000000000000e+03
1.661548000000000000e+06 4.664000000000000000e+03
1.661729000000000000e+06 4.841000000000000000e+03
1.661870000000000000e+06 4.697000000000000000e+03
1.662071000000000000e+06 4.589000000000000000e+03
1.662157000000000000e+06 4.566000000000000000e+03
1.662387000000000000e+06 4.446000000000000000e+03
1.662587000000000000e+06 4.212000000000000000e+03
1.662836000000000000e+06 4.578000000000000000e+03
1.663109000000000000e+06 4.302000000000000000e+03
1.663381000000000000e+06 4.312000000000000000e+03
1.663747000000000000e+06 3.849000000000000000e+03
1.663904000000000000e+06 3.887000000000000000e+03
1.664288000000000000e+06 3.797000000000000000e+03
1.664743000000000000e+06 3.610000000000000000e+03
1.665337000000000000e+06 3.518000000000000000e+03
1.665827000000000000e+06 3.339000000000000000e+03
1.666419000000000000e+06 3.489000000000000000e+03
1.667299000000000000e+06 3.171000000000000000e+03
1.667775000000000000e+06 3.092000000000000000e+03
1.668410000000000000e+06 2.870000000000000000e+03
1.669338000000000000e+06 2.233000000000000000e+03
1.670403000000000000e+06 1.994000000000000000e+03
1.671416000000000000e+06 1.858000000000000000e+03
1.672403000000000000e+06 1.809000000000000000e+03
1.673585000000000000e+06 1.186000000000000000e+03
1.674536000000000000e+06 4.440000000000000000e+02
1.676109000000000000e+06 3.470000000000000000e+02
1.677354000000000000e+06 1.320000000000000000e+02
1.679168000000000000e+06 1.170000000000000000e+02
1.681446000000000000e+06 1.180000000000000000e+02
1.683657000000000000e+06 1.200000000000000000e+02
1.685886000000000000e+06 1.190000000000000000e+02
1.687199000000000000e+06 1.190000000000000000e+02
1.690403000000000000e+06 1.200000000000000000e+02
1.693075000000000000e+06 1.210000000000000000e+02
1.692565000000000000e+06 1.230000000000000000e+02
1.692162000000000000e+06 1.250000000000000000e+02
1.691859000000000000e+06 1.250000000000000000e+02
1.691673000000000000e+06 1.220000000000000000e+02
1.691547000000000000e+06 1.270000000000000000e+02
1.691304000000000000e+06 1.260000000000000000e+02
1.691206000000000000e+06 1.240000000000000000e+02
1.691120000000000000e+06 1.290000000000000000e+02
1.690955000000000000e+06 1.280000000000000000e+02
1.690833000000000000e+06 1.240000000000000000e+02
1.690513000000000000e+06 1.240000000000000000e+02
1.690102000000000000e+06 1.220000000000000000e+02
1.687980000000000000e+06 1.180000000000000000e+02
1.684185000000000000e+06 1.200000000000000000e+02
1.681476000000000000e+06 1.190000000000000000e+02
1.679220000000000000e+06 1.160000000000000000e+02
1.676658000000000000e+06 1.270000000000000000e+02
1.674473000000000000e+06 2.880000000000000000e+02
1.673653000000000000e+06 4.820000000000000000e+02
1.672068000000000000e+06 1.065000000000000000e+03
1.670613000000000000e+06 1.744000000000000000e+03
1.669240000000000000e+06 1.985000000000000000e+03
1.668273000000000000e+06 2.407000000000000000e+03
1.667316000000000000e+06 2.706000000000000000e+03
1.666300000000000000e+06 3.241000000000000000e+03
1.665671000000000000e+06 3.370000000000000000e+03
1.665015000000000000e+06 3.639000000000000000e+03
1.664399000000000000e+06 3.665000000000000000e+03
1.663784000000000000e+06 4.100000000000000000e+03
1.663218000000000000e+06 3.918000000000000000e+03
1.662801000000000000e+06 3.899000000000000000e+03
1.662487000000000000e+06 4.110000000000000000e+03
1.662252000000000000e+06 4.307000000000000000e+03
1.661883000000000000e+06 4.372000000000000000e+03
1.661726000000000000e+06 4.493000000000000000e+03
1.661449000000000000e+06 4.737000000000000000e+03
1.661288000000000000e+06 4.830000000000000000e+03
1.661095000000000000e+06 4.794000000000000000e+03
1.660957000000000000e+06 4.908000000000000000e+03
1.660889000000000000e+06 4.897000000000000000e+03
1.660849000000000000e+06 4.781000000000000000e+03
1.660686000000000000e+06 4.923000000000000000e+03
1.660650000000000000e+06 4.850000000000000000e+03
1.660550000000000000e+06 4.938000000000000000e+03
1.660485000000000000e+06 4.985000000000000000e+03
1.660456000000000000e+06 4.965000000000000000e+03
1.660412000000000000e+06 4.975000000000000000e+03
1.660441000000000000e+06 5.049000000000000000e+03
1.660315000000000000e+06 5.078000000000000000e+03
1.660392000000000000e+06 5.060000000000000000e+03
1.660369000000000000e+06 5.083000000000000000e+03
1.660359000000000000e+06 5.015000000000000000e+03
1.660345000000000000e+06 5.057000000000000000e+03
1.660345000000000000e+06 4.969000000000000000e+03
1.660335000000000000e+06 5.003000000000000000e+03
1.660299000000000000e+06 5.001000000000000000e+03
1.660319000000000000e+06 4.972000000000000000e+03
1.660345000000000000e+06 4.970000000000000000e+03
1.660297000000000000e+06 4.966000000000000000e+03
1.660288000000000000e+06 5.066000000000000000e+03
1.660280000000000000e+06 5.034000000000000000e+03
1.660248000000000000e+06 4.945000000000000000e+03
1.660304000000000000e+06 4.971000000000000000e+03
1.660270000000000000e+06 4.965000000000000000e+03
1.660279000000000000e+06 4.975000000000000000e+03
1.660270000000000000e+06 4.970000000000000000e+03
1.660281000000000000e+06 4.963000000000000000e+03
1.660264000000000000e+06 4.928000000000000000e+03
1.660295000000000000e+06 4.975000000000000000e+03
1.660302000000000000e+06 4.891000000000000000e+03
1.660308000000000000e+06 4.908000000000000000e+03
1.660310000000000000e+06 4.956000000000000000e+03
1.660290000000000000e+06 4.883000000000000000e+03
1.660340000000000000e+06 4.903000000000000000e+03
1.660353000000000000e+06 4.964000000000000000e+03
1.660407000000000000e+06 4.938000000000000000e+03
1.660422000000000000e+06 4.938000000000000000e+03
1.660431000000000000e+06 4.933000000000000000e+03
1.660462000000000000e+06 4.906000000000000000e+03
1.660526000000000000e+06 4.971000000000000000e+03
1.660487000000000000e+06 4.940000000000000000e+03
1.660548000000000000e+06 4.959000000000000000e+03
1.660580000000000000e+06 5.014000000000000000e+03
1.660630000000000000e+06 5.013000000000000000e+03
1.660659000000000000e+06 5.018000000000000000e+03
1.660716000000000000e+06 5.001000000000000000e+03
1.660805000000000000e+06 4.952000000000000000e+03
1.660876000000000000e+06 5.090000000000000000e+03
1.660996000000000000e+06 5.151000000000000000e+03
1.661113000000000000e+06 4.915000000000000000e+03
1.661166000000000000e+06 4.793000000000000000e+03
1.661258000000000000e+06 4.800000000000000000e+03
1.661405000000000000e+06 4.710000000000000000e+03
1.661459000000000000e+06 4.979000000000000000e+03
1.661646000000000000e+06 4.884000000000000000e+03
1.661835000000000000e+06 4.939000000000000000e+03
1.661980000000000000e+06 4.676000000000000000e+03
1.662177000000000000e+06 4.700000000000000000e+03
1.662269000000000000e+06 4.788000000000000000e+03
1.662561000000000000e+06 4.628000000000000000e+03
1.662743000000000000e+06 4.528000000000000000e+03
1.662955000000000000e+06 4.611000000000000000e+03
1.663302000000000000e+06 4.482000000000000000e+03
1.663618000000000000e+06 4.135000000000000000e+03
1.663979000000000000e+06 4.301000000000000000e+03
1.664190000000000000e+06 3.901000000000000000e+03
1.664695000000000000e+06 3.779000000000000000e+03
1.665216000000000000e+06 3.778000000000000000e+03
1.665784000000000000e+06 3.636000000000000000e+03
1.666379000000000000e+06 3.574000000000000000e+03
1.667197000000000000e+06 3.316000000000000000e+03
1.667960000000000000e+06 2.602000000000000000e+03
1.668309000000000000e+06 2.533000000000000000e+03
1.669185000000000000e+06 2.340000000000000000e+03
1.670304000000000000e+06 2.163000000000000000e+03
1.671275000000000000e+06 1.621000000000000000e+03
1.672299000000000000e+06 1.743000000000000000e+03
1.673413000000000000e+06 1.201000000000000000e+03
1.675015000000000000e+06 2.980000000000000000e+02
1.675945000000000000e+06 1.350000000000000000e+02
1.677238000000000000e+06 1.200000000000000000e+02
1.678997000000000000e+06 1.180000000000000000e+02
1.681262000000000000e+06 1.180000000000000000e+02
1.683526000000000000e+06 1.200000000000000000e+02
1.685697000000000000e+06 1.220000000000000000e+02
1.688170000000000000e+06 1.200000000000000000e+02
1.690181000000000000e+06 1.210000000000000000e+02
1.692966000000000000e+06 1.200000000000000000e+02
1.692538000000000000e+06 1.230000000000000000e+02
1.692101000000000000e+06 1.220000000000000000e+02
1.691807000000000000e+06 1.190000000000000000e+02
1.691615000000000000e+06 1.230000000000000000e+02
1.691380000000000000e+06 1.230000000000000000e+02
1.691296000000000000e+06 1.230000000000000000e+02
1.691144000000000000e+06 1.200000000000000000e+02
1.691043000000000000e+06 1.210000000000000000e+02
1.690828000000000000e+06 1.260000000000000000e+02
1.690738000000000000e+06 1.250000000000000000e+02
1.690492000000000000e+06 1.260000000000000000e+02
1.689422000000000000e+06 1.250000000000000000e+02
1.688053000000000000e+06 1.230000000000000000e+02
1.684342000000000000e+06 1.220000000000000000e+02
1.681548000000000000e+06 1.220000000000000000e+02
1.679244000000000000e+06 1.180000000000000000e+02
1.676795000000000000e+06 1.220000000000000000e+02
1.674543000000000000e+06 1.220000000000000000e+02
1.673047000000000000e+06 4.760000000000000000e+02
1.672163000000000000e+06 1.150000000000000000e+03
1.670586000000000000e+06 1.777000000000000000e+03
1.669223000000000000e+06 1.532000000000000000e+03
1.668254000000000000e+06 2.136000000000000000e+03
1.667348000000000000e+06 2.744000000000000000e+03
1.666340000000000000e+06 3.240000000000000000e+03
1.665398000000000000e+06 3.535000000000000000e+03
1.665069000000000000e+06 3.422000000000000000e+03
1.664406000000000000e+06 3.826000000000000000e+03
1.663764000000000000e+06 3.827000000000000000e+03
1.663206000000000000e+06 4.095000000000000000e+03
1.662827000000000000e+06 4.303000000000000000e+03
1.662502000000000000e+06 4.324000000000000000e+03
1.662089000000000000e+06 4.516000000000000000e+03
1.661846000000000000e+06 4.502000000000000000e+03
1.661694000000000000e+06 4.689000000000000000e+03
1.661446000000000000e+06 4.857000000000000000e+03
1.661289000000000000e+06 4.621000000000000000e+03
1.661174000000000000e+06 4.816000000000000000e+03
1.661000000000000000e+06 4.799000000000000000e+03
1.660823000000000000e+06 4.840000000000000000e+03
1.660779000000000000e+06 4.710000000000000000e+03
1.660678000000000000e+06 4.843000000000000000e+03
1.660607000000000000e+06 4.918000000000000000e+03
1.660561000000000000e+06 5.007000000000000000e+03
1.660544000000000000e+06 4.947000000000000000e+03
1.660447000000000000e+06 4.992000000000000000e+03
1.660422000000000000e+06 5.041000000000000000e+03
1.660374000000000000e+06 5.054000000000000000e+03
1.660338000000000000e+06 4.962000000000000000e+03
1.660324000000000000e+06 5.028000000000000000e+03
1.660325000000000000e+06 4.993000000000000000e+03
1.660386000000000000e+06 4.993000000000000000e+03
1.660362000000000000e+06 5.017000000000000000e+03
1.660300000000000000e+06 4.974000000000000000e+03
1.660316000000000000e+06 4.956000000000000000e+03
1.660352000000000000e+06 4.981000000000000000e+03
1.660302000000000000e+06 4.940000000000000000e+03
1.660340000000000000e+06 4.992000000000000000e+03
1.660312000000000000e+06 4.983000000000000000e+03
1.660241000000000000e+06 5.004000000000000000e+03
1.660276000000000000e+06 5.055000000000000000e+03
1.660300000000000000e+06 4.935000000000000000e+03
1.660319000000000000e+06 5.027000000000000000e+03
1.660306000000000000e+06 5.047000000000000000e+03
1.660280000000000000e+06 5.038000000000000000e+03
1.660266000000000000e+06 4.987000000000000000e+03
1.660340000000000000e+06 5.003000000000000000e+03
1.660288000000000000e+06 4.989000000000000000e+03
1.660276000000000000e+06 4.956000000000000000e+03
1.660324000000000000e+06 5.040000000000000000e+03
1.660299000000000000e+06 4.943000000000000000e+03
1.660319000000000000e+06 4.913000000000000000e+03
1.660301000000000000e+06 4.914000000000000000e+03
1.660307000000000000e+06 5.034000000000000000e+03
1.660353000000000000e+06 4.967000000000000000e+03
1.660395000000000000e+06 4.942000000000000000e+03
1.660487000000000000e+06 4.891000000000000000e+03
1.660429000000000000e+06 4.955000000000000000e+03
1.660459000000000000e+06 4.896000000000000000e+03
1.660512000000000000e+06 4.914000000000000000e+03
1.660511000000000000e+06 4.964000000000000000e+03
1.660574000000000000e+06 4.945000000000000000e+03
1.660557000000000000e+06 4.942000000000000000e+03
1.660620000000000000e+06 4.959000000000000000e+03
1.660643000000000000e+06 4.911000000000000000e+03
1.660713000000000000e+06 5.013000000000000000e+03
1.660763000000000000e+06 4.999000000000000000e+03
1.660861000000000000e+06 5.062000000000000000e+03
1.660957000000000000e+06 4.999000000000000000e+03
1.661094000000000000e+06 4.948000000000000000e+03
1.661176000000000000e+06 4.926000000000000000e+03
1.661273000000000000e+06 4.956000000000000000e+03
1.661328000000000000e+06 4.934000000000000000e+03
1.661430000000000000e+06 4.966000000000000000e+03
1.661616000000000000e+06 4.974000000000000000e+03
1.661824000000000000e+06 4.949000000000000000e+03
1.661947000000000000e+06 4.921000000000000000e+03
1.662158000000000000e+06 4.836000000000000000e+03
1.662357000000000000e+06 4.901000000000000000e+03
1.662521000000000000e+06 4.661000000000000000e+03
1.662710000000000000e+06 4.774000000000000000e+03
1.662909000000000000e+06 4.608000000000000000e+03
1.663267000000000000e+06 4.521000000000000000e+03
1.663586000000000000e+06 4.353000000000000000e+03
1.663926000000000000e+06 4.221000000000000000e+03
1.664288000000000000e+06 3.698000000000000000e+03
1.664633000000000000e+06 3.587000000000000000e+03
1.665100000000000000e+06 3.427000000000000000e+03
1.665631000000000000e+06 2.990000000000000000e+03
1.666144000000000000e+06 3.396000000000000000e+03
1.667047000000000000e+06 3.319000000000000000e+03
1.667781000000000000e+06 2.928000000000000000e+03
1.668492000000000000e+06 2.741000000000000000e+03
1.669026000000000000e+06 2.491000000000000000e+03
1.670117000000000000e+06 2.289000000000000000e+03
1.671102000000000000e+06 1.648000000000000000e+03
1.672066000000000000e+06 1.540000000000000000e+03
1.673234000000000000e+06 1.180000000000000000e+03
1.674827000000000000e+06 9.140000000000000000e+02
1.676335000000000000e+06 5.790000000000000000e+02
1.677036000000000000e+06 6.180000000000000000e+02
1.678774000000000000e+06 1.260000000000000000e+02
1.681107000000000000e+06 1.240000000000000000e+02
1.683272000000000000e+06 1.180000000000000000e+02
1.685415000000000000e+06 1.190000000000000000e+02
1.687926000000000000e+06 1.190000000000000000e+02
1.691149000000000000e+06 1.230000000000000000e+02
1.692786000000000000e+06 1.220000000000000000e+02
1.692532000000000000e+06 1.190000000000000000e+02
1.692063000000000000e+06 1.220000000000000000e+02
1.691736000000000000e+06 1.220000000000000000e+02
1.691468000000000000e+06 1.230000000000000000e+02
1.691300000000000000e+06 1.260000000000000000e+02
1.691115000000000000e+06 1.240000000000000000e+02
1.691061000000000000e+06 1.220000000000000000e+02
1.690959000000000000e+06 1.210000000000000000e+02
1.690778000000000000e+06 1.240000000000000000e+02
1.690667000000000000e+06 1.240000000000000000e+02
1.690457000000000000e+06 1.210000000000000000e+02
1.689551000000000000e+06 1.230000000000000000e+02
1.686839000000000000e+06 1.230000000000000000e+02
1.684543000000000000e+06 1.200000000000000000e+02
1.681686000000000000e+06 1.180000000000000000e+02
1.679300000000000000e+06 1.180000000000000000e+02
1.676849000000000000e+06 1.280000000000000000e+02
1.674587000000000000e+06 8.530000000000000000e+02
1.673098000000000000e+06 1.121000000000000000e+03
1.671589000000000000e+06 1.758000000000000000e+03
1.670713000000000000e+06 1.891000000000000000e+03
1.669310000000000000e+06 2.408000000000000000e+03
1.668248000000000000e+06 2.220000000000000000e+03
1.667407000000000000e+06 2.804000000000000000e+03
1.666350000000000000e+06 3.581000000000000000e+03
1.665459000000000000e+06 2.970000000000000000e+03
1.664822000000000000e+06 3.542000000000000000e+03
1.664434000000000000e+06 3.391000000000000000e+03
1.663778000000000000e+06 3.887000000000000000e+03
1.663213000000000000e+06 4.086000000000000000e+03
1.662839000000000000e+06 4.152000000000000000e+03
1.662513000000000000e+06 4.333000000000000000e+03
1.662156000000000000e+06 4.441000000000000000e+03
1.661866000000000000e+06 4.547000000000000000e+03
1.661740000000000000e+06 4.512000000000000000e+03
1.661473000000000000e+06 4.761000000000000000e+03
1.661295000000000000e+06 4.709000000000000000e+03
1.661070000000000000e+06 4.774000000000000000e+03
1.661013000000000000e+06 4.860000000000000000e+03
1.660841000000000000e+06 4.936000000000000000e+03
1.660728000000000000e+06 4.981000000000000000e+03
1.660669000000000000e+06 4.911000000000000000e+03
1.660614000000000000e+06 5.057000000000000000e+03
1.660543000000000000e+06 5.010000000000000000e+03
1.660482000000000000e+06 5.055000000000000000e+03
1.660370000000000000e+06 5.012000000000000000e+03
1.660466000000000000e+06 4.961000000000000000e+03
1.660422000000000000e+06 5.037000000000000000e+03
1.660361000000000000e+06 5.052000000000000000e+03
1.660380000000000000e+06 5.026000000000000000e+03
1.660377000000000000e+06 5.055000000000000000e+03
1.660331000000000000e+06 5.010000000000000000e+03
1.660304000000000000e+06 5.083000000000000000e+03
1.660324000000000000e+06 5.016000000000000000e+03
1.660328000000000000e+06 5.074000000000000000e+03
1.660277000000000000e+06 4.999000000000000000e+03
1.660313000000000000e+06 4.993000000000000000e+03
1.660271000000000000e+06 5.047000000000000000e+03
1.660269000000000000e+06 4.986000000000000000e+03
1.660271000000000000e+06 4.972000000000000000e+03
1.660320000000000000e+06 5.043000000000000000e+03
1.660271000000000000e+06 5.071000000000000000e+03
1.660260000000000000e+06 4.942000000000000000e+03
1.660292000000000000e+06 5.081000000000000000e+03
1.660299000000000000e+06 4.935000000000000000e+03
1.660301000000000000e+06 4.913000000000000000e+03
1.660273000000000000e+06 4.869000000000000000e+03
1.660319000000000000e+06 4.939000000000000000e+03
1.660283000000000000e+06 4.952000000000000000e+03
1.660321000000000000e+06 4.971000000000000000e+03
1.660334000000000000e+06 4.957000000000000000e+03
1.660348000000000000e+06 4.965000000000000000e+03
1.660322000000000000e+06 4.941000000000000000e+03
1.660342000000000000e+06 4.984000000000000000e+03
1.660355000000000000e+06 4.954000000000000000e+03
1.660385000000000000e+06 4.979000000000000000e+03
1.660401000000000000e+06 4.899000000000000000e+03
1.660428000000000000e+06 5.119000000000000000e+03
1.660491000000000000e+06 4.985000000000000000e+03
1.660494000000000000e+06 4.981000000000000000e+03
1.660477000000000000e+06 4.986000000000000000e+03
1.660573000000000000e+06 5.005000000000000000e+03
1.660574000000000000e+06 5.035000000000000000e+03
1.660623000000000000e+06 5.010000000000000000e+03
1.660627000000000000e+06 5.027000000000000000e+03
1.660699000000000000e+06 5.136000000000000000e+03
1.660797000000000000e+06 4.982000000000000000e+03
1.660867000000000000e+06 5.058000000000000000e+03
1.660908000000000000e+06 4.978000000000000000e+03
1.660981000000000000e+06 5.039000000000000000e+03
1.661199000000000000e+06 5.064000000000000000e+03
1.661313000000000000e+06 4.983000000000000000e+03
1.661361000000000000e+06 5.009000000000000000e+03
1.661411000000000000e+06 4.880000000000000000e+03
1.661612000000000000e+06 4.978000000000000000e+03
1.661805000000000000e+06 4.882000000000000000e+03
1.661938000000000000e+06 4.738000000000000000e+03
1.662058000000000000e+06 4.735000000000000000e+03
1.662351000000000000e+06 4.592000000000000000e+03
1.662587000000000000e+06 4.597000000000000000e+03
1.662704000000000000e+06 4.485000000000000000e+03
1.662880000000000000e+06 4.078000000000000000e+03
1.663246000000000000e+06 4.180000000000000000e+03
1.663599000000000000e+06 4.199000000000000000e+03
1.663828000000000000e+06 4.330000000000000000e+03
1.664263000000000000e+06 3.932000000000000000e+03
1.664718000000000000e+06 3.857000000000000000e+03
1.665056000000000000e+06 3.921000000000000000e+03
1.665604000000000000e+06 3.806000000000000000e+03
1.666120000000000000e+06 3.620000000000000000e+03
1.666939000000000000e+06 2.904000000000000000e+03
1.667746000000000000e+06 3.293000000000000000e+03
1.668399000000000000e+06 2.862000000000000000e+03
1.669384000000000000e+06 2.449000000000000000e+03
1.670018000000000000e+06 2.316000000000000000e+03
1.671062000000000000e+06 2.439000000000000000e+03
1.672018000000000000e+06 1.786000000000000000e+03
1.673068000000000000e+06 1.330000000000000000e+03
1.674700000000000000e+06 1.005000000000000000e+03
1.676167000000000000e+06 4.230000000000000000e+02
1.677610000000000000e+06 4.020000000000000000e+02
1.678657000000000000e+06 2.050000000000000000e+02
1.680901000000000000e+06 1.220000000000000000e+02
1.683063000000000000e+06 1.210000000000000000e+02
1.685323000000000000e+06 1.160000000000000000e+02
1.687629000000000000e+06 1.220000000000000000e+02
1.690794000000000000e+06 1.180000000000000000e+02
1.692765000000000000e+06 1.210000000000000000e+02
1.692413000000000000e+06 1.250000000000000000e+02
1.691963000000000000e+06 1.210000000000000000e+02
1.691630000000000000e+06 1.260000000000000000e+02
1.691439000000000000e+06 1.250000000000000000e+02
1.691206000000000000e+06 1.240000000000000000e+02
1.691045000000000000e+06 1.240000000000000000e+02
1.690866000000000000e+06 1.240000000000000000e+02
1.690840000000000000e+06 1.250000000000000000e+02
1.690718000000000000e+06 1.230000000000000000e+02
1.690555000000000000e+06 1.250000000000000000e+02
1.690372000000000000e+06 1.270000000000000000e+02
1.689638000000000000e+06 1.230000000000000000e+02
1.687026000000000000e+06 1.290000000000000000e+02
1.683319000000000000e+06 1.200000000000000000e+02
1.681800000000000000e+06 1.200000000000000000e+02
1.679475000000000000e+06 1.170000000000000000e+02
1.676940000000000000e+06 2.670000000000000000e+02
1.674679000000000000e+06 9.010000000000000000e+02
1.673211000000000000e+06 1.081000000000000000e+03
1.671670000000000000e+06 1.683000000000000000e+03
1.670138000000000000e+06 2.069000000000000000e+03
1.669309000000000000e+06 2.334000000000000000e+03
1.668334000000000000e+06 2.901000000000000000e+03
1.667438000000000000e+06 2.831000000000000000e+03
1.666427000000000000e+06 3.436000000000000000e+03
1.665455000000000000e+06 3.238000000000000000e+03
1.664845000000000000e+06 3.562000000000000000e+03
1.664186000000000000e+06 3.710000000000000000e+03
1.663843000000000000e+06 3.719000000000000000e+03
1.663268000000000000e+06 4.065000000000000000e+03
1.662881000000000000e+06 4.045000000000000000e+03
1.662533000000000000e+06 4.404000000000000000e+03
1.662167000000000000e+06 4.556000000000000000e+03
1.661878000000000000e+06 4.662000000000000000e+03
1.661590000000000000e+06 4.820000000000000000e+03
1.661475000000000000e+06 4.853000000000000000e+03
1.661287000000000000e+06 4.877000000000000000e+03
1.661097000000000000e+06 4.882000000000000000e+03
1.660943000000000000e+06 4.984000000000000000e+03
1.660858000000000000e+06 4.762000000000000000e+03
1.660725000000000000e+06 4.934000000000000000e+03
1.660651000000000000e+06 5.059000000000000000e+03
1.660612000000000000e+06 4.989000000000000000e+03
1.660560000000000000e+06 5.028000000000000000e+03
1.660475000000000000e+06 5.086000000000000000e+03
1.660449000000000000e+06 5.077000000000000000e+03
1.660402000000000000e+06 5.117000000000000000e+03
1.660379000000000000e+06 5.060000000000000000e+03
1.660375000000000000e+06 4.999000000000000000e+03
1.660342000000000000e+06 5.055000000000000000e+03
1.660332000000000000e+06 5.032000000000000000e+03
1.660329000000000000e+06 5.034000000000000000e+03
1.660308000000000000e+06 5.047000000000000000e+03
1.660304000000000000e+06 4.998000000000000000e+03
1.660298000000000000e+06 5.010000000000000000e+03
1.660355000000000000e+06 4.999000000000000000e+03
1.660342000000000000e+06 5.050000000000000000e+03
1.660283000000000000e+06 5.088000000000000000e+03
1.660299000000000000e+06 5.107000000000000000e+03
1.660278000000000000e+06 5.021000000000000000e+03
1.660255000000000000e+06 4.959000000000000000e+03
1.660304000000000000e+06 5.038000000000000000e+03
1.660229000000000000e+06 4.983000000000000000e+03
1.660298000000000000e+06 4.998000000000000000e+03
1.660279000000000000e+06 4.998000000000000000e+03
1.660260000000000000e+06 5.000000000000000000e+03
1.660280000000000000e+06 5.033000000000000000e+03
1.660298000000000000e+06 5.057000000000000000e+03
1.660300000000000000e+06 4.994000000000000000e+03
1.660242000000000000e+06 5.054000000000000000e+03
1.660324000000000000e+06 5.000000000000000000e+03
1.660378000000000000e+06 5.010000000000000000e+03
1.660334000000000000e+06 5.035000000000000000e+03
1.660349000000000000e+06 4.990000000000000000e+03
1.660358000000000000e+06 5.010000000000000000e+03
1.660398000000000000e+06 4.996000000000000000e+03
1.660401000000000000e+06 4.908000000000000000e+03
1.660451000000000000e+06 4.963000000000000000e+03
1.660462000000000000e+06 5.018000000000000000e+03
1.660512000000000000e+06 4.965000000000000000e+03
1.660482000000000000e+06 5.004000000000000000e+03
1.660518000000000000e+06 4.994000000000000000e+03
1.660582000000000000e+06 5.003000000000000000e+03
1.660600000000000000e+06 5.058000000000000000e+03
1.660609000000000000e+06 5.051000000000000000e+03
1.660736000000000000e+06 5.027000000000000000e+03
1.660790000000000000e+06 5.014000000000000000e+03
1.660841000000000000e+06 5.035000000000000000e+03
1.660943000000000000e+06 5.005000000000000000e+03
1.661060000000000000e+06 5.003000000000000000e+03
1.661141000000000000e+06 4.907000000000000000e+03
1.661300000000000000e+06 4.947000000000000000e+03
1.661393000000000000e+06 4.987000000000000000e+03
1.661482000000000000e+06 5.007000000000000000e+03
1.661571000000000000e+06 4.936000000000000000e+03
1.661753000000000000e+06 4.842000000000000000e+03
1.661902000000000000e+06 4.947000000000000000e+03
1.662035000000000000e+06 4.874000000000000000e+03
1.662303000000000000e+06 4.592000000000000000e+03
1.662532000000000000e+06 4.499000000000000000e+03
1.662711000000000000e+06 4.460000000000000000e+03
1.662828000000000000e+06 4.448000000000000000e+03
1.663150000000000000e+06 4.332000000000000000e+03
1.663490000000000000e+06 4.460000000000000000e+03
1.663760000000000000e+06 4.215000000000000000e+03
1.664151000000000000e+06 4.073000000000000000e+03
1.664712000000000000e+06 4.060000000000000000e+03
1.665220000000000000e+06 3.753000000000000000e+03
1.665477000000000000e+06 3.709000000000000000e+03
1.666027000000000000e+06 3.394000000000000000e+03
1.666831000000000000e+06 3.478000000000000000e+03
1.667586000000000000e+06 3.202000000000000000e+03
1.668299000000000000e+06 2.787000000000000000e+03
1.669182000000000000e+06 2.309000000000000000e+03
1.670259000000000000e+06 2.306000000000000000e+03
1.670893000000000000e+06 1.361000000000000000e+03
1.671907000000000000e+06 1.226000000000000000e+03
1.672965000000000000e+06 8.790000000000000000e+02
1.674543000000000000e+06 1.259000000000000000e+03
1.676026000000000000e+06 8.080000000000000000e+02
1.677400000000000000e+06 1.830000000000000000e+02
1.679370000000000000e+06 1.160000000000000000e+02
1.680769000000000000e+06 1.170000000000000000e+02
1.682932000000000000e+06 1.180000000000000000e+02
1.685088000000000000e+06 1.180000000000000000e+02
1.687364000000000000e+06 1.220000000000000000e+02
1.690602000000000000e+06 1.260000000000000000e+02
1.692781000000000000e+06 1.270000000000000000e+02
1.692098000000000000e+06 1.280000000000000000e+02
1.691863000000000000e+06 1.240000000000000000e+02
1.691609000000000000e+06 1.230000000000000000e+02
1.691373000000000000e+06 1.260000000000000000e+02
1.691134000000000000e+06 1.240000000000000000e+02
1.691006000000000000e+06 1.240000000000000000e+02
1.690834000000000000e+06 1.240000000000000000e+02
1.690759000000000000e+06 1.230000000000000000e+02
1.690657000000000000e+06 1.240000000000000000e+02
1.690502000000000000e+06 1.240000000000000000e+02
1.690293000000000000e+06 1.280000000000000000e+02
1.689692000000000000e+06 1.260000000000000000e+02
1.687342000000000000e+06 1.240000000000000000e+02
1.683598000000000000e+06 1.200000000000000000e+02
1.682007000000000000e+06 1.200000000000000000e+02
1.679543000000000000e+06 1.210000000000000000e+02
1.677086000000000000e+06 1.210000000000000000e+02
1.674704000000000000e+06 3.500000000000000000e+02
1.673282000000000000e+06 9.750000000000000000e+02
1.671786000000000000e+06 1.612000000000000000e+03
1.670245000000000000e+06 2.117000000000000000e+03
1.669379000000000000e+06 2.656000000000000000e+03
1.668341000000000000e+06 2.741000000000000000e+03
1.667435000000000000e+06 2.708000000000000000e+03
1.666439000000000000e+06 3.308000000000000000e+03
1.665401000000000000e+06 3.407000000000000000e+03
1.664827000000000000e+06 3.440000000000000000e+03
1.664196000000000000e+06 4.096000000000000000e+03
1.663826000000000000e+06 3.902000000000000000e+03
1.663252000000000000e+06 4.346000000000000000e+03
1.662814000000000000e+06 4.453000000000000000e+03
1.662528000000000000e+06 4.462000000000000000e+03
1.662092000000000000e+06 4.543000000000000000e+03
1.661846000000000000e+06 4.524000000000000000e+03
1.661636000000000000e+06 4.715000000000000000e+03
1.661469000000000000e+06 4.848000000000000000e+03
1.661307000000000000e+06 4.897000000000000000e+03
1.661068000000000000e+06 4.947000000000000000e+03
1.660965000000000000e+06 4.945000000000000000e+03
1.660832000000000000e+06 4.822000000000000000e+03
1.660739000000000000e+06 5.046000000000000000e+03
1.660652000000000000e+06 5.031000000000000000e+03
1.660644000000000000e+06 5.065000000000000000e+03
1.660530000000000000e+06 5.017000000000000000e+03
1.660456000000000000e+06 5.051000000000000000e+03
1.660478000000000000e+06 5.090000000000000000e+03
1.660425000000000000e+06 5.020000000000000000e+03
1.660386000000000000e+06 5.018000000000000000e+03
1.660380000000000000e+06 5.018000000000000000e+03
1.660370000000000000e+06 4.994000000000000000e+03
1.660354000000000000e+06 5.018000000000000000e+03
1.660365000000000000e+06 5.093000000000000000e+03
1.660371000000000000e+06 5.080000000000000000e+03
1.660330000000000000e+06 5.064000000000000000e+03
1.660301000000000000e+06 5.024000000000000000e+03
1.660314000000000000e+06 5.074000000000000000e+03
1.660272000000000000e+06 5.122000000000000000e+03
1.660308000000000000e+06 5.063000000000000000e+03
1.660296000000000000e+06 5.031000000000000000e+03
1.660242000000000000e+06 5.093000000000000000e+03
1.660250000000000000e+06 5.005000000000000000e+03
1.660279000000000000e+06 4.994000000000000000e+03
1.660269000000000000e+06 5.036000000000000000e+03
1.660246000000000000e+06 5.041000000000000000e+03
1.660294000000000000e+06 5.002000000000000000e+03
1.660293000000000000e+06 5.028000000000000000e+03
1.660297000000000000e+06 4.969000000000000000e+03
1.660298000000000000e+06 4.956000000000000000e+03
1.660308000000000000e+06 4.911000000000000000e+03
1.660259000000000000e+06 5.023000000000000000e+03
1.660340000000000000e+06 4.949000000000000000e+03
1.660313000000000000e+06 5.000000000000000000e+03
1.660313000000000000e+06 4.926000000000000000e+03
1.660317000000000000e+06 4.950000000000000000e+03
1.660374000000000000e+06 4.959000000000000000e+03
1.660393000000000000e+06 4.954000000000000000e+03
1.660410000000000000e+06 4.918000000000000000e+03
1.660457000000000000e+06 4.918000000000000000e+03
1.660449000000000000e+06 4.927000000000000000e+03
1.660442000000000000e+06 4.962000000000000000e+03
1.660464000000000000e+06 4.969000000000000000e+03
1.660499000000000000e+06 5.041000000000000000e+03
1.660554000000000000e+06 4.962000000000000000e+03
1.660591000000000000e+06 5.002000000000000000e+03
1.660634000000000000e+06 5.016000000000000000e+03
1.660683000000000000e+06 5.058000000000000000e+03
1.660817000000000000e+06 5.087000000000000000e+03
1.660855000000000000e+06 5.029000000000000000e+03
1.660879000000000000e+06 5.016000000000000000e+03
1.661032000000000000e+06 4.986000000000000000e+03
1.661127000000000000e+06 4.982000000000000000e+03
1.661267000000000000e+06 4.799000000000000000e+03
1.661390000000000000e+06 4.873000000000000000e+03
1.661435000000000000e+06 4.900000000000000000e+03
1.661537000000000000e+06 4.706000000000000000e+03
1.661698000000000000e+06 4.597000000000000000e+03
1.661884000000000000e+06 4.713000000000000000e+03
1.662013000000000000e+06 4.871000000000000000e+03
1.662229000000000000e+06 4.658000000000000000e+03
1.662463000000000000e+06 4.702000000000000000e+03
1.662671000000000000e+06 4.700000000000000000e+03
1.662812000000000000e+06 4.387000000000000000e+03
1.663096000000000000e+06 4.159000000000000000e+03
1.663451000000000000e+06 3.957000000000000000e+03
1.663699000000000000e+06 4.354000000000000000e+03
1.664088000000000000e+06 3.987000000000000000e+03
1.664566000000000000e+06 3.589000000000000000e+03
1.665084000000000000e+06 3.795000000000000000e+03
1.665356000000000000e+06 3.570000000000000000e+03
1.665884000000000000e+06 3.555000000000000000e+03
1.666671000000000000e+06 3.497000000000000000e+03
1.667514000000000000e+06 3.052000000000000000e+03
1.668107000000000000e+06 2.872000000000000000e+03
1.669000000000000000e+06 1.970000000000000000e+03
1.670199000000000000e+06 2.052000000000000000e+03
1.670799000000000000e+06 1.323000000000000000e+03
1.671737000000000000e+06 1.182000000000000000e+03
1.672785000000000000e+06 1.013000000000000000e+03
1.674396000000000000e+06 1.104000000000000000e+03
1.675879000000000000e+06 3.370000000000000000e+02
1.677232000000000000e+06 3.760000000000000000e+02
1.679135000000000000e+06 1.310000000000000000e+02
1.680572000000000000e+06 1.340000000000000000e+02
1.682774000000000000e+06 1.190000000000000000e+02
1.684998000000000000e+06 1.190000000000000000e+02
1.687171000000000000e+06 1.170000000000000000e+02
1.690363000000000000e+06 1.240000000000000000e+02
1.692775000000000000e+06 1.250000000000000000e+02
1.692116000000000000e+06 1.230000000000000000e+02
1.691865000000000000e+06 1.250000000000000000e+02
1.691653000000000000e+06 1.210000000000000000e+02
1.691343000000000000e+06 1.230000000000000000e+02
1.691123000000000000e+06 1.220000000000000000e+02
1.691011000000000000e+06 1.230000000000000000e+02
1.690821000000000000e+06 1.260000000000000000e+02
1.690702000000000000e+06 1.210000000000000000e+02
1.690672000000000000e+06 1.230000000000000000e+02
1.690495000000000000e+06 1.220000000000000000e+02
1.690250000000000000e+06 1.250000000000000000e+02
1.689724000000000000e+06 1.240000000000000000e+02
1.687508000000000000e+06 1.170000000000000000e+02
1.683759000000000000e+06 1.190000000000000000e+02
1.681091000000000000e+06 1.180000000000000000e+02
1.679764000000000000e+06 1.140000000000000000e+02
1.677224000000000000e+06 1.270000000000000000e+02
1.674789000000000000e+06 3.880000000000000000e+02
1.673339000000000000e+06 1.101000000000000000e+03
1.671838000000000000e+06 1.824000000000000000e+03
1.670317000000000000e+06 1.999000000000000000e+03
1.669022000000000000e+06 2.574000000000000000e+03
1.668381000000000000e+06 2.782000000000000000e+03
1.667490000000000000e+06 2.829000000000000000e+03
1.666422000000000000e+06 3.185000000000000000e+03
1.665495000000000000e+06 3.275000000000000000e+03
1.664951000000000000e+06 3.354000000000000000e+03
1.664279000000000000e+06 3.731000000000000000e+03
1.663613000000000000e+06 3.968000000000000000e+03
1.663240000000000000e+06 4.165000000000000000e+03
1.662875000000000000e+06 4.271000000000000000e+03
1.662549000000000000e+06 4.403000000000000000e+03
1.662182000000000000e+06 4.316000000000000000e+03
1.661820000000000000e+06 4.632000000000000000e+03
1.661643000000000000e+06 4.707000000000000000e+03
1.661428000000000000e+06 4.830000000000000000e+03
1.661308000000000000e+06 4.836000000000000000e+03
1.661132000000000000e+06 4.838000000000000000e+03
1.660950000000000000e+06 4.929000000000000000e+03
1.660871000000000000e+06 4.842000000000000000e+03
1.660794000000000000e+06 5.028000000000000000e+03
1.660659000000000000e+06 4.992000000000000000e+03
1.660538000000000000e+06 5.014000000000000000e+03
1.660518000000000000e+06 5.083000000000000000e+03
1.660488000000000000e+06 5.047000000000000000e+03
1.660467000000000000e+06 5.030000000000000000e+03
1.660380000000000000e+06 5.146000000000000000e+03
1.660393000000000000e+06 5.086000000000000000e+03
1.660390000000000000e+06 4.997000000000000000e+03
1.660336000000000000e+06 5.032000000000000000e+03
1.660322000000000000e+06 5.005000000000000000e+03
1.660263000000000000e+06 4.965000000000000000e+03
1.660296000000000000e+06 4.992000000000000000e+03
1.660328000000000000e+06 4.968000000000000000e+03
1.660334000000000000e+06 4.980000000000000000e+03
1.660358000000000000e+06 4.974000000000000000e+03
1.660329000000000000e+06 5.007000000000000000e+03
1.660308000000000000e+06 5.069000000000000000e+03
1.660301000000000000e+06 5.085000000000000000e+03
1.660338000000000000e+06 5.055000000000000000e+03
1.660290000000000000e+06 5.075000000000000000e+03
1.660322000000000000e+06 5.005000000000000000e+03
1.660327000000000000e+06 4.968000000000000000e+03
