1.660142000000000000e+06 5.013000000000000000e+03
1.660192000000000000e+06 4.942000000000000000e+03
1.660241000000000000e+06 5.030000000000000000e+03
1.660221000000000000e+06 4.970000000000000000e+03
1.660243000000000000e+06 5.037000000000000000e+03
1.660214000000000000e+06 5.049000000000000000e+03
1.660209000000000000e+06 5.029000000000000000e+03
1.660300000000000000e+06 5.014000000000000000e+03
1.660273000000000000e+06 4.976000000000000000e+03
1.660235000000000000e+06 4.932000000000000000e+03
1.660269000000000000e+06 4.965000000000000000e+03
1.660287000000000000e+06 4.988000000000000000e+03
1.660322000000000000e+06 4.975000000000000000e+03
1.660308000000000000e+06 5.013000000000000000e+03
1.660347000000000000e+06 4.984000000000000000e+03
1.660336000000000000e+06 5.038000000000000000e+03
1.660363000000000000e+06 5.018000000000000000e+03
1.660368000000000000e+06 5.013000000000000000e+03
1.660382000000000000e+06 5.072000000000000000e+03
1.660386000000000000e+06 4.949000000000000000e+03
1.660446000000000000e+06 4.956000000000000000e+03
1.660457000000000000e+06 4.959000000000000000e+03
1.660471000000000000e+06 5.003000000000000000e+03
1.660449000000000000e+06 4.926000000000000000e+03
1.660486000000000000e+06 4.995000000000000000e+03
1.660601000000000000e+06 4.944000000000000000e+03
1.660665000000000000e+06 4.972000000000000000e+03
1.660712000000000000e+06 5.048000000000000000e+03
1.660753000000000000e+06 4.977000000000000000e+03
1.660839000000000000e+06 4.938000000000000000e+03
1.660913000000000000e+06 4.988000000000000000e+03
1.661013000000000000e+06 4.950000000000000000e+03
1.661081000000000000e+06 4.895000000000000000e+03
1.661190000000000000e+06 4.710000000000000000e+03
1.661355000000000000e+06 4.688000000000000000e+03
1.661480000000000000e+06 4.609000000000000000e+03
1.661625000000000000e+06 4.529000000000000000e+03
1.661843000000000000e+06 4.468000000000000000e+03
1.661971000000000000e+06 4.440000000000000000e+03
1.662068000000000000e+06 4.244000000000000000e+03
1.662361000000000000e+06 4.134000000000000000e+03
1.662586000000000000e+06 4.144000000000000000e+03
1.662893000000000000e+06 3.926000000000000000e+03
1.663178000000000000e+06 3.726000000000000000e+03
1.663458000000000000e+06 3.618000000000000000e+03
1.663871000000000000e+06 3.128000000000000000e+03
1.664119000000000000e+06 2.977000000000000000e+03
1.664610000000000000e+06 3.135000000000000000e+03
1.665104000000000000e+06 2.741000000000000000e+03
1.665564000000000000e+06 2.901000000000000000e+03
1.666176000000000000e+06 2.587000000000000000e+03
1.666849000000000000e+06 2.651000000000000000e+03
1.667796000000000000e+06 2.372000000000000000e+03
1.668774000000000000e+06 1.987000000000000000e+03
1.669335000000000000e+06 1.408000000000000000e+03
1.670408000000000000e+06 9.800000000000000000e+02
1.671611000000000000e+06 4.120000000000000000e+02
1.673188000000000000e+06 5.290000000000000000e+02
1.674981000000000000e+06 2.820000000000000000e+02
1.676703000000000000e+06 1.230000000000000000e+02
1.678845000000000000e+06 1.180000000000000000e+02
1.681397000000000000e+06 1.180000000000000000e+02
1.683325000000000000e+06 1.200000000000000000e+02
1.687232000000000000e+06 1.220000000000000000e+02
1.691084000000000000e+06 1.200000000000000000e+02
1.694787000000000000e+06 1.270000000000000000e+02
1.694174000000000000e+06 1.260000000000000000e+02
1.693564000000000000e+06 1.270000000000000000e+02
1.693227000000000000e+06 1.280000000000000000e+02
1.692906000000000000e+06 1.230000000000000000e+02
1.692698000000000000e+06 1.230000000000000000e+02
1.692570000000000000e+06 1.260000000000000000e+02
1.692353000000000000e+06 1.240000000000000000e+02
1.692163000000000000e+06 1.250000000000000000e+02
1.692008000000000000e+06 1.240000000000000000e+02
1.691823000000000000e+06 1.220000000000000000e+02
1.691266000000000000e+06 1.280000000000000000e+02
1.688951000000000000e+06 1.240000000000000000e+02
1.684010000000000000e+06 1.220000000000000000e+02
1.681147000000000000e+06 1.200000000000000000e+02
1.677856000000000000e+06 1.190000000000000000e+02
1.675163000000000000e+06 1.160000000000000000e+02
1.673124000000000000e+06 7.350000000000000000e+02
1.671200000000000000e+06 1.025000000000000000e+03
1.669352000000000000e+06 1.332000000000000000e+03
1.668066000000000000e+06 1.471000000000000000e+03
1.666969000000000000e+06 2.059000000000000000e+03
1.666444000000000000e+06 2.202000000000000000e+03
1.665525000000000000e+06 2.587000000000000000e+03
1.664727000000000000e+06 2.788000000000000000e+03
1.664109000000000000e+06 3.162000000000000000e+03
1.663537000000000000e+06 3.399000000000000000e+03
1.663126000000000000e+06 3.586000000000000000e+03
1.662672000000000000e+06 3.707000000000000000e+03
1.662297000000000000e+06 3.978000000000000000e+03
1.662035000000000000e+06 4.224000000000000000e+03
1.661729000000000000e+06 4.191000000000000000e+03
1.661514000000000000e+06 4.430000000000000000e+03
1.661367000000000000e+06 4.561000000000000000e+03
1.661143000000000000e+06 4.656000000000000000e+03
1.660978000000000000e+06 4.734000000000000000e+03
1.660809000000000000e+06 4.869000000000000000e+03
1.660761000000000000e+06 4.804000000000000000e+03
1.660697000000000000e+06 4.818000000000000000e+03
1.660609000000000000e+06 4.947000000000000000e+03
1.660575000000000000e+06 4.949000000000000000e+03
1.660511000000000000e+06 4.937000000000000000e+03
1.660462000000000000e+06 4.953000000000000000e+03
1.660460000000000000e+06 4.946000000000000000e+03
1.660416000000000000e+06 4.944000000000000000e+03
1.660380000000000000e+06 4.951000000000000000e+03
1.660391000000000000e+06 4.954000000000000000e+03
1.660368000000000000e+06 4.935000000000000000e+03
1.660271000000000000e+06 4.948000000000000000e+03
1.660301000000000000e+06 4.990000000000000000e+03
1.660316000000000000e+06 4.983000000000000000e+03
1.660300000000000000e+06 4.984000000000000000e+03
1.660253000000000000e+06 4.976000000000000000e+03
1.660292000000000000e+06 4.962000000000000000e+03
1.660207000000000000e+06 4.948000000000000000e+03
1.660236000000000000e+06 4.973000000000000000e+03
1.660197000000000000e+06 5.009000000000000000e+03
1.660205000000000000e+06 5.025000000000000000e+03
1.660247000000000000e+06 5.001000000000000000e+03
1.660211000000000000e+06 4.999000000000000000e+03
1.660229000000000000e+06 4.991000000000000000e+03
1.660146000000000000e+06 4.991000000000000000e+03
1.660218000000000000e+06 4.968000000000000000e+03
1.660237000000000000e+06 4.948000000000000000e+03
1.660243000000000000e+06 4.911000000000000000e+03
1.660199000000000000e+06 4.913000000000000000e+03
1.660221000000000000e+06 4.936000000000000000e+03
1.660216000000000000e+06 4.922000000000000000e+03
1.660259000000000000e+06 4.984000000000000000e+03
1.660224000000000000e+06 5.011000000000000000e+03
1.660211000000000000e+06 4.968000000000000000e+03
1.660195000000000000e+06 4.948000000000000000e+03
1.660221000000000000e+06 4.925000000000000000e+03
1.660292000000000000e+06 4.930000000000000000e+03
1.660260000000000000e+06 4.998000000000000000e+03
1.660277000000000000e+06 5.020000000000000000e+03
1.660280000000000000e+06 4.988000000000000000e+03
1.660305000000000000e+06 4.971000000000000000e+03
1.660301000000000000e+06 4.892000000000000000e+03
1.660364000000000000e+06 4.966000000000000000e+03
1.660356000000000000e+06 4.919000000000000000e+03
1.660383000000000000e+06 4.959000000000000000e+03
1.660411000000000000e+06 4.945000000000000000e+03
1.660380000000000000e+06 4.918000000000000000e+03
1.660439000000000000e+06 5.002000000000000000e+03
1.660483000000000000e+06 4.995000000000000000e+03
1.660466000000000000e+06 4.989000000000000000e+03
1.660487000000000000e+06 5.015000000000000000e+03
1.660595000000000000e+06 4.923000000000000000e+03
1.660603000000000000e+06 4.952000000000000000e+03
1.660677000000000000e+06 5.073000000000000000e+03
1.660691000000000000e+06 5.063000000000000000e+03
1.660812000000000000e+06 4.944000000000000000e+03
1.660918000000000000e+06 5.001000000000000000e+03
1.660985000000000000e+06 5.027000000000000000e+03
1.661051000000000000e+06 4.850000000000000000e+03
1.661170000000000000e+06 4.851000000000000000e+03
1.661287000000000000e+06 4.695000000000000000e+03
1.661424000000000000e+06 4.740000000000000000e+03
1.661645000000000000e+06 4.598000000000000000e+03
1.661724000000000000e+06 4.511000000000000000e+03
1.661933000000000000e+06 4.482000000000000000e+03
1.662109000000000000e+06 4.525000000000000000e+03
1.662350000000000000e+06 4.223000000000000000e+03
1.662640000000000000e+06 4.046000000000000000e+03
1.662933000000000000e+06 3.901000000000000000e+03
1.663197000000000000e+06 3.796000000000000000e+03
1.663487000000000000e+06 3.941000000000000000e+03
1.663702000000000000e+06 3.773000000000000000e+03
1.664113000000000000e+06 3.414000000000000000e+03
1.664685000000000000e+06 3.070000000000000000e+03
1.665149000000000000e+06 3.157000000000000000e+03
1.665559000000000000e+06 3.463000000000000000e+03
1.666202000000000000e+06 2.747000000000000000e+03
1.666929000000000000e+06 2.903000000000000000e+03
1.667924000000000000e+06 2.316000000000000000e+03
1.668465000000000000e+06 1.424000000000000000e+03
1.669379000000000000e+06 1.655000000000000000e+03
1.670443000000000000e+06 1.447000000000000000e+03
1.671645000000000000e+06 1.343000000000000000e+03
1.673203000000000000e+06 9.180000000000000000e+02
1.675003000000000000e+06 2.480000000000000000e+02
1.676806000000000000e+06 1.160000000000000000e+02
1.679051000000000000e+06 1.180000000000000000e+02
1.680412000000000000e+06 1.160000000000000000e+02
1.683552000000000000e+06 1.180000000000000000e+02
1.687550000000000000e+06 1.250000000000000000e+02
1.691474000000000000e+06 1.240000000000000000e+02
1.695158000000000000e+06 1.250000000000000000e+02
1.694366000000000000e+06 1.270000000000000000e+02
1.693815000000000000e+06 1.270000000000000000e+02
1.693469000000000000e+06 1.300000000000000000e+02
1.693294000000000000e+06 1.250000000000000000e+02
1.693059000000000000e+06 1.310000000000000000e+02
1.692849000000000000e+06 1.300000000000000000e+02
1.692630000000000000e+06 1.270000000000000000e+02
1.692430000000000000e+06 1.290000000000000000e+02
1.692223000000000000e+06 1.290000000000000000e+02
1.691982000000000000e+06 1.250000000000000000e+02
1.691333000000000000e+06 1.270000000000000000e+02
1.690243000000000000e+06 1.270000000000000000e+02
1.685685000000000000e+06 1.230000000000000000e+02
1.680714000000000000e+06 1.160000000000000000e+02
1.677523000000000000e+06 1.180000000000000000e+02
1.674912000000000000e+06 1.200000000000000000e+02
1.672891000000000000e+06 1.500000000000000000e+02
1.670933000000000000e+06 8.520000000000000000e+02
1.669219000000000000e+06 1.402000000000000000e+03
1.667835000000000000e+06 1.800000000000000000e+03
1.667200000000000000e+06 2.132000000000000000e+03
1.666270000000000000e+06 2.273000000000000000e+03
1.665424000000000000e+06 2.668000000000000000e+03
1.664606000000000000e+06 3.444000000000000000e+03
1.663999000000000000e+06 3.874000000000000000e+03
1.663410000000000000e+06 3.838000000000000000e+03
1.663024000000000000e+06 3.877000000000000000e+03
1.662597000000000000e+06 3.775000000000000000e+03
1.662317000000000000e+06 3.999000000000000000e+03
1.661969000000000000e+06 4.164000000000000000e+03
1.661674000000000000e+06 4.357000000000000000e+03
1.661488000000000000e+06 4.571000000000000000e+03
1.661228000000000000e+06 4.715000000000000000e+03
1.661068000000000000e+06 4.683000000000000000e+03
1.660918000000000000e+06 4.733000000000000000e+03
1.660779000000000000e+06 4.862000000000000000e+03
1.660750000000000000e+06 4.869000000000000000e+03
1.660639000000000000e+06 4.962000000000000000e+03
1.660565000000000000e+06 4.880000000000000000e+03
1.660486000000000000e+06 4.868000000000000000e+03
1.660453000000000000e+06 4.921000000000000000e+03
1.660488000000000000e+06 4.967000000000000000e+03
1.660355000000000000e+06 4.976000000000000000e+03
1.660359000000000000e+06 4.987000000000000000e+03
1.660360000000000000e+06 4.956000000000000000e+03
1.660351000000000000e+06 4.992000000000000000e+03
1.660352000000000000e+06 4.994000000000000000e+03
1.660271000000000000e+06 5.005000000000000000e+03
1.660295000000000000e+06 4.976000000000000000e+03
1.660302000000000000e+06 4.869000000000000000e+03
1.660268000000000000e+06 4.998000000000000000e+03
1.660306000000000000e+06 4.950000000000000000e+03
1.660296000000000000e+06 5.003000000000000000e+03
1.660265000000000000e+06 4.958000000000000000e+03
1.660262000000000000e+06 4.945000000000000000e+03
1.660239000000000000e+06 5.039000000000000000e+03
1.660252000000000000e+06 4.962000000000000000e+03
1.660193000000000000e+06 4.975000000000000000e+03
1.660230000000000000e+06 4.958000000000000000e+03
1.660209000000000000e+06 4.925000000000000000e+03
1.660209000000000000e+06 4.957000000000000000e+03
1.660239000000000000e+06 4.915000000000000000e+03
1.660246000000000000e+06 4.904000000000000000e+03
1.660258000000000000e+06 4.849000000000000000e+03
1.660253000000000000e+06 4.884000000000000000e+03
1.660242000000000000e+06 4.924000000000000000e+03
1.660217000000000000e+06 4.898000000000000000e+03
1.660219000000000000e+06 4.936000000000000000e+03
1.660264000000000000e+06 4.900000000000000000e+03
1.660239000000000000e+06 4.908000000000000000e+03
1.660257000000000000e+06 4.915000000000000000e+03
1.660289000000000000e+06 4.894000000000000000e+03
1.660198000000000000e+06 4.891000000000000000e+03
1.660246000000000000e+06 4.863000000000000000e+03
1.660252000000000000e+06 4.859000000000000000e+03
1.660277000000000000e+06 4.923000000000000000e+03
1.660306000000000000e+06 4.941000000000000000e+03
1.660265000000000000e+06 4.911000000000000000e+03
1.660351000000000000e+06 4.869000000000000000e+03
1.660314000000000000e+06 4.947000000000000000e+03
1.660328000000000000e+06 4.861000000000000000e+03
1.660328000000000000e+06 4.883000000000000000e+03
1.660411000000000000e+06 4.895000000000000000e+03
1.660372000000000000e+06 4.815000000000000000e+03
1.660478000000000000e+06 4.867000000000000000e+03
1.660448000000000000e+06 4.894000000000000000e+03
1.660485000000000000e+06 5.024000000000000000e+03
1.660507000000000000e+06 4.942000000000000000e+03
1.660595000000000000e+06 5.093000000000000000e+03
1.660630000000000000e+06 5.089000000000000000e+03
1.660714000000000000e+06 5.030000000000000000e+03
1.660758000000000000e+06 4.968000000000000000e+03
1.660882000000000000e+06 4.834000000000000000e+03
1.660948000000000000e+06 4.930000000000000000e+03
1.661017000000000000e+06 4.952000000000000000e+03
1.661196000000000000e+06 4.766000000000000000e+03
1.661249000000000000e+06 4.744000000000000000e+03
1.661368000000000000e+06 4.785000000000000000e+03
1.661537000000000000e+06 4.809000000000000000e+03
1.661719000000000000e+06 4.765000000000000000e+03
1.661883000000000000e+06 4.566000000000000000e+03
1.662032000000000000e+06 4.473000000000000000e+03
1.662220000000000000e+06 4.532000000000000000e+03
1.662521000000000000e+06 4.153000000000000000e+03
1.662841000000000000e+06 3.607000000000000000e+03
1.662986000000000000e+06 3.587000000000000000e+03
1.663242000000000000e+06 3.429000000000000000e+03
1.663655000000000000e+06 3.351000000000000000e+03
1.664057000000000000e+06 3.452000000000000000e+03
1.664588000000000000e+06 3.500000000000000000e+03
1.665036000000000000e+06 3.408000000000000000e+03
1.665524000000000000e+06 3.112000000000000000e+03
1.666113000000000000e+06 3.031000000000000000e+03
1.666902000000000000e+06 2.992000000000000000e+03
1.667454000000000000e+06 2.550000000000000000e+03
1.668409000000000000e+06 2.504000000000000000e+03
1.669272000000000000e+06 1.581000000000000000e+03
1.670361000000000000e+06 9.880000000000000000e+02
1.671581000000000000e+06 6.810000000000000000e+02
1.673204000000000000e+06 4.690000000000000000e+02
1.674989000000000000e+06 1.780000000000000000e+02
1.676809000000000000e+06 1.180000000000000000e+02
1.678069000000000000e+06 1.360000000000000000e+02
1.680466000000000000e+06 1.180000000000000000e+02
1.683605000000000000e+06 1.200000000000000000e+02
1.687604000000000000e+06 1.250000000000000000e+02
1.691589000000000000e+06 1.280000000000000000e+02
1.695072000000000000e+06 1.270000000000000000e+02
1.694290000000000000e+06 1.290000000000000000e+02
1.693765000000000000e+06 1.280000000000000000e+02
1.693544000000000000e+06 1.270000000000000000e+02
1.693310000000000000e+06 1.260000000000000000e+02
1.693066000000000000e+06 1.260000000000000000e+02
1.692805000000000000e+06 1.260000000000000000e+02
1.692590000000000000e+06 1.250000000000000000e+02
1.692415000000000000e+06 1.270000000000000000e+02
1.692218000000000000e+06 1.270000000000000000e+02
1.691954000000000000e+06 1.260000000000000000e+02
1.691747000000000000e+06 1.270000000000000000e+02
1.689992000000000000e+06 1.220000000000000000e+02
1.685313000000000000e+06 1.210000000000000000e+02
1.680456000000000000e+06 1.210000000000000000e+02
1.677270000000000000e+06 1.180000000000000000e+02
1.674703000000000000e+06 1.240000000000000000e+02
1.672678000000000000e+06 3.180000000000000000e+02
1.670774000000000000e+06 7.160000000000000000e+02
1.669670000000000000e+06 1.483000000000000000e+03
1.668249000000000000e+06 1.859000000000000000e+03
1.667055000000000000e+06 2.069000000000000000e+03
1.666213000000000000e+06 2.532000000000000000e+03
1.665287000000000000e+06 2.954000000000000000e+03
1.664524000000000000e+06 3.300000000000000000e+03
1.663875000000000000e+06 3.624000000000000000e+03
1.663450000000000000e+06 3.836000000000000000e+03
1.662986000000000000e+06 3.645000000000000000e+03
1.662694000000000000e+06 3.695000000000000000e+03
1.662235000000000000e+06 3.923000000000000000e+03
1.661850000000000000e+06 4.122000000000000000e+03
1.661621000000000000e+06 4.212000000000000000e+03
1.661429000000000000e+06 4.607000000000000000e+03
1.661217000000000000e+06 4.729000000000000000e+03
1.661047000000000000e+06 4.649000000000000000e+03
1.660926000000000000e+06 4.834000000000000000e+03
1.660852000000000000e+06 4.766000000000000000e+03
1.660708000000000000e+06 4.789000000000000000e+03
1.660601000000000000e+06 4.908000000000000000e+03
1.660630000000000000e+06 4.909000000000000000e+03
1.660552000000000000e+06 4.938000000000000000e+03
1.660431000000000000e+06 4.885000000000000000e+03
1.660423000000000000e+06 5.001000000000000000e+03
1.660464000000000000e+06 4.941000000000000000e+03
1.660409000000000000e+06 5.027000000000000000e+03
1.660366000000000000e+06 4.965000000000000000e+03
1.660328000000000000e+06 4.952000000000000000e+03
1.660254000000000000e+06 4.921000000000000000e+03
1.660300000000000000e+06 4.981000000000000000e+03
1.660312000000000000e+06 5.000000000000000000e+03
1.660280000000000000e+06 4.956000000000000000e+03
1.660250000000000000e+06 4.982000000000000000e+03
1.660281000000000000e+06 4.982000000000000000e+03
1.660253000000000000e+06 5.006000000000000000e+03
1.660184000000000000e+06 5.005000000000000000e+03
1.660225000000000000e+06 5.042000000000000000e+03
1.660205000000000000e+06 4.965000000000000000e+03
1.660227000000000000e+06 4.957000000000000000e+03
1.660205000000000000e+06 4.997000000000000000e+03
1.660247000000000000e+06 4.960000000000000000e+03
1.660226000000000000e+06 4.977000000000000000e+03
1.660238000000000000e+06 5.032000000000000000e+03
1.660199000000000000e+06 4.906000000000000000e+03
1.660233000000000000e+06 4.926000000000000000e+03
1.660248000000000000e+06 4.898000000000000000e+03
1.660167000000000000e+06 4.941000000000000000e+03
1.660142000000000000e+06 4.896000000000000000e+03
1.660203000000000000e+06 4.952000000000000000e+03
1.660255000000000000e+06 4.952000000000000000e+03
1.660261000000000000e+06 4.892000000000000000e+03
1.660217000000000000e+06 4.980000000000000000e+03
1.660201000000000000e+06 4.950000000000000000e+03
1.660225000000000000e+06 4.952000000000000000e+03
1.660264000000000000e+06 4.884000000000000000e+03
1.660233000000000000e+06 4.918000000000000000e+03
1.660285000000000000e+06 4.875000000000000000e+03
1.660255000000000000e+06 4.976000000000000000e+03
1.660272000000000000e+06 4.922000000000000000e+03
1.660282000000000000e+06 4.951000000000000000e+03
1.660308000000000000e+06 4.902000000000000000e+03
1.660321000000000000e+06 4.939000000000000000e+03
1.660285000000000000e+06 4.941000000000000000e+03
1.660318000000000000e+06 4.975000000000000000e+03
1.660413000000000000e+06 4.967000000000000000e+03
1.660351000000000000e+06 4.942000000000000000e+03
1.660429000000000000e+06 5.002000000000000000e+03
1.660433000000000000e+06 4.907000000000000000e+03
1.660449000000000000e+06 5.007000000000000000e+03
1.660526000000000000e+06 4.954000000000000000e+03
1.660590000000000000e+06 4.964000000000000000e+03
1.660603000000000000e+06 4.921000000000000000e+03
1.660697000000000000e+06 5.042000000000000000e+03
1.660745000000000000e+06 4.992000000000000000e+03
1.660840000000000000e+06 4.878000000000000000e+03
1.660981000000000000e+06 4.908000000000000000e+03
1.661037000000000000e+06 4.922000000000000000e+03
1.661111000000000000e+06 4.819000000000000000e+03
1.661216000000000000e+06 4.855000000000000000e+03
1.661289000000000000e+06 4.815000000000000000e+03
1.661455000000000000e+06 4.787000000000000000e+03
1.661612000000000000e+06 4.751000000000000000e+03
1.661839000000000000e+06 4.578000000000000000e+03
1.661934000000000000e+06 4.402000000000000000e+03
1.662237000000000000e+06 4.411000000000000000e+03
1.662531000000000000e+06 4.424000000000000000e+03
1.662735000000000000e+06 3.993000000000000000e+03
1.662993000000000000e+06 3.759000000000000000e+03
1.663189000000000000e+06 3.793000000000000000e+03
1.663591000000000000e+06 3.703000000000000000e+03
1.664004000000000000e+06 3.710000000000000000e+03
1.664596000000000000e+06 3.141000000000000000e+03
1.665016000000000000e+06 3.231000000000000000e+03
1.665516000000000000e+06 2.998000000000000000e+03
1.665868000000000000e+06 2.797000000000000000e+03
1.666521000000000000e+06 2.613000000000000000e+03
1.667439000000000000e+06 2.288000000000000000e+03
1.668387000000000000e+06 1.903000000000000000e+03
1.669251000000000000e+06 1.350000000000000000e+03
1.670404000000000000e+06 1.769000000000000000e+03
1.671632000000000000e+06 1.291000000000000000e+03
1.673255000000000000e+06 1.320000000000000000e+02
1.675070000000000000e+06 1.210000000000000000e+02
1.676071000000000000e+06 1.160000000000000000e+02
1.678174000000000000e+06 1.180000000000000000e+02
1.680527000000000000e+06 1.170000000000000000e+02
1.683718000000000000e+06 1.200000000000000000e+02
1.687769000000000000e+06 1.210000000000000000e+02
1.691797000000000000e+06 1.290000000000000000e+02
1.695035000000000000e+06 1.240000000000000000e+02
1.694223000000000000e+06 1.280000000000000000e+02
1.693954000000000000e+06 1.270000000000000000e+02
1.693562000000000000e+06 1.270000000000000000e+02
1.693275000000000000e+06 1.270000000000000000e+02
1.693009000000000000e+06 1.250000000000000000e+02
1.692752000000000000e+06 1.290000000000000000e+02
1.692577000000000000e+06 1.270000000000000000e+02
1.692412000000000000e+06 1.250000000000000000e+02
1.692199000000000000e+06 1.280000000000000000e+02
1.692126000000000000e+06 1.260000000000000000e+02
1.691714000000000000e+06 1.290000000000000000e+02
1.689868000000000000e+06 1.280000000000000000e+02
1.685005000000000000e+06 1.230000000000000000e+02
1.680282000000000000e+06 1.200000000000000000e+02
1.677186000000000000e+06 1.190000000000000000e+02
1.674591000000000000e+06 1.270000000000000000e+02
1.672548000000000000e+06 2.330000000000000000e+02
1.671410000000000000e+06 1.479000000000000000e+03
1.669485000000000000e+06 1.677000000000000000e+03
1.668090000000000000e+06 2.088000000000000000e+03
1.667013000000000000e+06 2.269000000000000000e+03
1.666130000000000000e+06 2.911000000000000000e+03
1.665227000000000000e+06 2.684000000000000000e+03
1.664480000000000000e+06 3.266000000000000000e+03
1.663860000000000000e+06 3.575000000000000000e+03
1.663522000000000000e+06 3.465000000000000000e+03
1.663096000000000000e+06 3.774000000000000000e+03
1.662673000000000000e+06 3.702000000000000000e+03
1.662236000000000000e+06 3.769000000000000000e+03
1.661896000000000000e+06 4.115000000000000000e+03
1.661594000000000000e+06 4.460000000000000000e+03
1.661434000000000000e+06 4.366000000000000000e+03
1.661216000000000000e+06 4.549000000000000000e+03
1.661033000000000000e+06 4.499000000000000000e+03
1.660874000000000000e+06 4.773000000000000000e+03
1.660780000000000000e+06 4.779000000000000000e+03
1.660701000000000000e+06 4.812000000000000000e+03
1.660636000000000000e+06 4.923000000000000000e+03
1.660558000000000000e+06 4.996000000000000000e+03
1.660506000000000000e+06 4.944000000000000000e+03
1.660493000000000000e+06 4.916000000000000000e+03
1.660391000000000000e+06 4.898000000000000000e+03
1.660344000000000000e+06 4.960000000000000000e+03
1.660338000000000000e+06 4.997000000000000000e+03
1.660385000000000000e+06 4.927000000000000000e+03
1.660363000000000000e+06 4.932000000000000000e+03
1.660253000000000000e+06 5.012000000000000000e+03
1.660256000000000000e+06 4.938000000000000000e+03
1.660238000000000000e+06 4.943000000000000000e+03
1.660234000000000000e+06 4.928000000000000000e+03
1.660260000000000000e+06 4.932000000000000000e+03
1.660271000000000000e+06 4.898000000000000000e+03
1.660202000000000000e+06 4.985000000000000000e+03
1.660236000000000000e+06 4.940000000000000000e+03
1.660266000000000000e+06 4.956000000000000000e+03
1.660218000000000000e+06 4.880000000000000000e+03
1.660182000000000000e+06 5.011000000000000000e+03
1.660247000000000000e+06 4.940000000000000000e+03
1.660221000000000000e+06 4.977000000000000000e+03
1.660200000000000000e+06 4.929000000000000000e+03
1.660208000000000000e+06 4.931000000000000000e+03
1.660234000000000000e+06 4.900000000000000000e+03
1.660201000000000000e+06 4.997000000000000000e+03
1.660213000000000000e+06 4.932000000000000000e+03
1.660242000000000000e+06 4.933000000000000000e+03
1.660173000000000000e+06 4.905000000000000000e+03
1.660156000000000000e+06 4.935000000000000000e+03
1.660207000000000000e+06 4.868000000000000000e+03
1.660192000000000000e+06 4.907000000000000000e+03
1.660188000000000000e+06 4.858000000000000000e+03
1.660165000000000000e+06 4.958000000000000000e+03
1.660212000000000000e+06 4.866000000000000000e+03
1.660262000000000000e+06 4.904000000000000000e+03
1.660268000000000000e+06 4.865000000000000000e+03
1.660257000000000000e+06 4.842000000000000000e+03
1.660268000000000000e+06 4.947000000000000000e+03
1.660248000000000000e+06 4.860000000000000000e+03
1.660291000000000000e+06 4.852000000000000000e+03
1.660293000000000000e+06 4.962000000000000000e+03
1.660295000000000000e+06 4.904000000000000000e+03
1.660302000000000000e+06 4.883000000000000000e+03
1.660339000000000000e+06 4.950000000000000000e+03
1.660400000000000000e+06 4.902000000000000000e+03
1.660331000000000000e+06 4.928000000000000000e+03
1.660330000000000000e+06 4.924000000000000000e+03
1.660376000000000000e+06 4.991000000000000000e+03
1.660444000000000000e+06 4.938000000000000000e+03
1.660571000000000000e+06 4.974000000000000000e+03
1.660554000000000000e+06 5.003000000000000000e+03
1.660615000000000000e+06 5.024000000000000000e+03
1.660696000000000000e+06 4.940000000000000000e+03
1.660700000000000000e+06 5.014000000000000000e+03
1.660796000000000000e+06 4.929000000000000000e+03
1.660948000000000000e+06 4.999000000000000000e+03
1.661039000000000000e+06 4.884000000000000000e+03
1.661101000000000000e+06 4.969000000000000000e+03
1.661203000000000000e+06 4.805000000000000000e+03
1.661309000000000000e+06 4.792000000000000000e+03
1.661491000000000000e+06 4.648000000000000000e+03
1.661608000000000000e+06 4.625000000000000000e+03
1.661770000000000000e+06 4.461000000000000000e+03
1.661937000000000000e+06 4.212000000000000000e+03
1.662207000000000000e+06 4.179000000000000000e+03
1.662413000000000000e+06 4.015000000000000000e+03
1.662717000000000000e+06 3.849000000000000000e+03
1.662955000000000000e+06 3.767000000000000000e+03
1.663222000000000000e+06 3.929000000000000000e+03
1.663580000000000000e+06 3.785000000000000000e+03
1.663972000000000000e+06 3.801000000000000000e+03
1.664493000000000000e+06 3.512000000000000000e+03
1.664967000000000000e+06 3.189000000000000000e+03
1.665258000000000000e+06 2.975000000000000000e+03
1.665863000000000000e+06 2.821000000000000000e+03
1.666469000000000000e+06 2.778000000000000000e+03
1.667359000000000000e+06 2.530000000000000000e+03
1.668314000000000000e+06 1.987000000000000000e+03
1.669268000000000000e+06 2.161000000000000000e+03
1.670373000000000000e+06 1.458000000000000000e+03
1.671634000000000000e+06 8.470000000000000000e+02
1.672587000000000000e+06 3.970000000000000000e+02
1.674389000000000000e+06 2.770000000000000000e+02
1.676097000000000000e+06 1.160000000000000000e+02
1.678163000000000000e+06 1.170000000000000000e+02
1.680597000000000000e+06 1.200000000000000000e+02
1.683865000000000000e+06 1.180000000000000000e+02
1.687947000000000000e+06 1.270000000000000000e+02
1.692056000000000000e+06 1.240000000000000000e+02
1.694886000000000000e+06 1.300000000000000000e+02
1.694403000000000000e+06 1.270000000000000000e+02
1.693857000000000000e+06 1.230000000000000000e+02
1.693440000000000000e+06 1.260000000000000000e+02
1.693178000000000000e+06 1.270000000000000000e+02
1.692974000000000000e+06 1.240000000000000000e+02
1.692708000000000000e+06 1.290000000000000000e+02
1.692466000000000000e+06 1.280000000000000000e+02
1.692337000000000000e+06 1.280000000000000000e+02
1.692248000000000000e+06 1.270000000000000000e+02
1.692052000000000000e+06 1.270000000000000000e+02
1.691591000000000000e+06 1.290000000000000000e+02
1.689659000000000000e+06 1.270000000000000000e+02
1.684830000000000000e+06 1.270000000000000000e+02
1.680101000000000000e+06 1.230000000000000000e+02
1.677014000000000000e+06 1.210000000000000000e+02
1.674427000000000000e+06 1.200000000000000000e+02
1.673251000000000000e+06 2.270000000000000000e+02
1.671292000000000000e+06 1.069000000000000000e+03
1.669447000000000000e+06 1.515000000000000000e+03
1.668034000000000000e+06 2.004000000000000000e+03
1.666943000000000000e+06 2.372000000000000000e+03
1.666069000000000000e+06 2.771000000000000000e+03
1.665198000000000000e+06 3.213000000000000000e+03
1.664453000000000000e+06 3.666000000000000000e+03
1.664024000000000000e+06 3.464000000000000000e+03
1.663509000000000000e+06 3.761000000000000000e+03
1.663057000000000000e+06 3.538000000000000000e+03
1.662662000000000000e+06 4.024000000000000000e+03
1.662239000000000000e+06 4.256000000000000000e+03
1.661846000000000000e+06 4.330000000000000000e+03
1.661602000000000000e+06 4.461000000000000000e+03
1.661377000000000000e+06 4.615000000000000000e+03
1.661244000000000000e+06 4.785000000000000000e+03
1.661066000000000000e+06 4.749000000000000000e+03
1.660915000000000000e+06 4.912000000000000000e+03
1.660754000000000000e+06 4.937000000000000000e+03
1.660667000000000000e+06 4.949000000000000000e+03
1.660614000000000000e+06 4.895000000000000000e+03
1.660550000000000000e+06 4.930000000000000000e+03
1.660466000000000000e+06 4.941000000000000000e+03
1.660449000000000000e+06 5.008000000000000000e+03
1.660413000000000000e+06 4.941000000000000000e+03
1.660379000000000000e+06 4.955000000000000000e+03
1.660383000000000000e+06 5.139000000000000000e+03
1.660317000000000000e+06 4.971000000000000000e+03
1.660345000000000000e+06 4.965000000000000000e+03
1.660303000000000000e+06 4.957000000000000000e+03
1.660284000000000000e+06 4.973000000000000000e+03
1.660314000000000000e+06 4.935000000000000000e+03
1.660278000000000000e+06 4.935000000000000000e+03
1.660279000000000000e+06 4.944000000000000000e+03
1.660249000000000000e+06 4.997000000000000000e+03
1.660199000000000000e+06 4.993000000000000000e+03
1.660192000000000000e+06 4.954000000000000000e+03
1.660229000000000000e+06 5.011000000000000000e+03
1.660203000000000000e+06 4.967000000000000000e+03
1.660217000000000000e+06 4.982000000000000000e+03
1.660238000000000000e+06 4.962000000000000000e+03
1.660212000000000000e+06 4.961000000000000000e+03
1.660240000000000000e+06 4.998000000000000000e+03
1.660229000000000000e+06 4.906000000000000000e+03
1.660185000000000000e+06 4.914000000000000000e+03
1.660242000000000000e+06 4.989000000000000000e+03
1.660236000000000000e+06 4.934000000000000000e+03
1.660222000000000000e+06 4.962000000000000000e+03
1.660215000000000000e+06 4.938000000000000000e+03
1.660203000000000000e+06 4.814000000000000000e+03
1.660200000000000000e+06 4.935000000000000000e+03
1.660203000000000000e+06 5.008000000000000000e+03
1.660222000000000000e+06 4.964000000000000000e+03
1.660186000000000000e+06 4.977000000000000000e+03
1.660190000000000000e+06 4.927000000000000000e+03
1.660298000000000000e+06 4.956000000000000000e+03
1.660227000000000000e+06 4.954000000000000000e+03
1.660213000000000000e+06 5.043000000000000000e+03
1.660265000000000000e+06 4.890000000000000000e+03
1.660265000000000000e+06 4.942000000000000000e+03
1.660292000000000000e+06 4.956000000000000000e+03
1.660331000000000000e+06 5.015000000000000000e+03
1.660306000000000000e+06 4.929000000000000000e+03
1.660300000000000000e+06 4.963000000000000000e+03
1.660284000000000000e+06 4.922000000000000000e+03
1.660374000000000000e+06 4.938000000000000000e+03
1.660377000000000000e+06 5.005000000000000000e+03
1.660422000000000000e+06 4.946000000000000000e+03
1.660426000000000000e+06 4.921000000000000000e+03
1.660455000000000000e+06 5.041000000000000000e+03
1.660458000000000000e+06 4.989000000000000000e+03
1.660559000000000000e+06 5.007000000000000000e+03
1.660598000000000000e+06 5.005000000000000000e+03
1.660730000000000000e+06 4.999000000000000000e+03
1.660784000000000000e+06 5.006000000000000000e+03
1.660825000000000000e+06 4.909000000000000000e+03
1.660866000000000000e+06 5.092000000000000000e+03
1.660956000000000000e+06 4.899000000000000000e+03
1.661058000000000000e+06 4.894000000000000000e+03
1.661156000000000000e+06 4.813000000000000000e+03
1.661332000000000000e+06 4.828000000000000000e+03
1.661452000000000000e+06 4.760000000000000000e+03
1.661657000000000000e+06 4.580000000000000000e+03
1.661761000000000000e+06 4.602000000000000000e+03
1.661948000000000000e+06 4.531000000000000000e+03
1.662105000000000000e+06 4.617000000000000000e+03
1.662310000000000000e+06 4.178000000000000000e+03
1.662656000000000000e+06 4.154000000000000000e+03
1.662905000000000000e+06 3.973000000000000000e+03
1.663206000000000000e+06 3.717000000000000000e+03
1.663566000000000000e+06 3.819000000000000000e+03
1.663971000000000000e+06 3.661000000000000000e+03
1.664481000000000000e+06 3.651000000000000000e+03
1.664751000000000000e+06 3.487000000000000000e+03
1.665277000000000000e+06 3.293000000000000000e+03
1.665809000000000000e+06 3.135000000000000000e+03
1.666470000000000000e+06 2.872000000000000000e+03
1.667410000000000000e+06 2.808000000000000000e+03
1.668306000000000000e+06 1.874000000000000000e+03
1.669309000000000000e+06 1.915000000000000000e+03
1.670480000000000000e+06 1.377000000000000000e+03
1.671188000000000000e+06 1.123000000000000000e+03
1.672674000000000000e+06 3.000000000000000000e+02
1.674494000000000000e+06 1.160000000000000000e+02
1.676199000000000000e+06 1.200000000000000000e+02
1.678341000000000000e+06 1.170000000000000000e+02
1.680786000000000000e+06 1.190000000000000000e+02
1.684129000000000000e+06 1.210000000000000000e+02
1.688271000000000000e+06 1.270000000000000000e+02
1.690632000000000000e+06 1.260000000000000000e+02
1.694772000000000000e+06 1.240000000000000000e+02
1.694455000000000000e+06 1.280000000000000000e+02
1.693847000000000000e+06 1.280000000000000000e+02
1.693451000000000000e+06 1.250000000000000000e+02
1.693138000000000000e+06 1.270000000000000000e+02
1.692909000000000000e+06 1.290000000000000000e+02
1.692705000000000000e+06 1.290000000000000000e+02
1.692579000000000000e+06 1.270000000000000000e+02
1.692364000000000000e+06 1.280000000000000000e+02
1.692241000000000000e+06 1.260000000000000000e+02
1.692022000000000000e+06 1.270000000000000000e+02
1.691558000000000000e+06 1.310000000000000000e+02
1.689385000000000000e+06 1.240000000000000000e+02
1.684435000000000000e+06 1.270000000000000000e+02
1.679831000000000000e+06 1.220000000000000000e+02
1.676758000000000000e+06 1.200000000000000000e+02
1.675215000000000000e+06 1.190000000000000000e+02
1.673116000000000000e+06 2.330000000000000000e+02
1.671140000000000000e+06 9.930000000000000000e+02
1.669272000000000000e+06 1.595000000000000000e+03
1.667981000000000000e+06 2.350000000000000000e+03
1.666836000000000000e+06 2.479000000000000000e+03
1.665915000000000000e+06 3.102000000000000000e+03
1.665106000000000000e+06 3.648000000000000000e+03
1.664641000000000000e+06 3.580000000000000000e+03
1.663937000000000000e+06 3.541000000000000000e+03
1.663425000000000000e+06 3.763000000000000000e+03
1.663017000000000000e+06 3.825000000000000000e+03
1.662576000000000000e+06 3.713000000000000000e+03
1.662199000000000000e+06 3.935000000000000000e+03
1.661840000000000000e+06 4.017000000000000000e+03
1.661556000000000000e+06 4.227000000000000000e+03
1.661414000000000000e+06 4.453000000000000000e+03
1.661286000000000000e+06 4.673000000000000000e+03
1.661050000000000000e+06 4.788000000000000000e+03
1.660904000000000000e+06 4.857000000000000000e+03
1.660842000000000000e+06 4.872000000000000000e+03
1.660696000000000000e+06 4.811000000000000000e+03
1.660613000000000000e+06 4.839000000000000000e+03
1.660602000000000000e+06 4.859000000000000000e+03
1.660507000000000000e+06 4.982000000000000000e+03
1.660421000000000000e+06 5.007000000000000000e+03
1.660396000000000000e+06 4.995000000000000000e+03
1.660383000000000000e+06 4.970000000000000000e+03
1.660383000000000000e+06 4.959000000000000000e+03
1.660319000000000000e+06 5.016000000000000000e+03
1.660362000000000000e+06 4.974000000000000000e+03
1.660282000000000000e+06 5.005000000000000000e+03
1.660290000000000000e+06 5.010000000000000000e+03
1.660279000000000000e+06 4.979000000000000000e+03
1.660272000000000000e+06 4.945000000000000000e+03
1.660237000000000000e+06 5.008000000000000000e+03
1.660231000000000000e+06 4.964000000000000000e+03
1.660295000000000000e+06 5.028000000000000000e+03
1.660264000000000000e+06 5.023000000000000000e+03
1.660275000000000000e+06 4.955000000000000000e+03
1.660255000000000000e+06 4.912000000000000000e+03
1.660280000000000000e+06 4.943000000000000000e+03
1.660248000000000000e+06 4.897000000000000000e+03
1.660190000000000000e+06 5.011000000000000000e+03
1.660197000000000000e+06 4.953000000000000000e+03
1.660186000000000000e+06 4.960000000000000000e+03
1.660203000000000000e+06 4.954000000000000000e+03
1.660169000000000000e+06 4.908000000000000000e+03
1.660210000000000000e+06 4.919000000000000000e+03
1.660243000000000000e+06 4.958000000000000000e+03
1.660263000000000000e+06 4.907000000000000000e+03
1.660271000000000000e+06 4.905000000000000000e+03
1.660266000000000000e+06 4.952000000000000000e+03
1.660242000000000000e+06 4.932000000000000000e+03
1.660233000000000000e+06 4.951000000000000000e+03
1.660196000000000000e+06 4.938000000000000000e+03
1.660260000000000000e+06 4.918000000000000000e+03
1.660153000000000000e+06 4.900000000000000000e+03
1.660267000000000000e+06 4.897000000000000000e+03
1.660260000000000000e+06 4.907000000000000000e+03
1.660277000000000000e+06 4.910000000000000000e+03
1.660273000000000000e+06 4.968000000000000000e+03
1.660272000000000000e+06 4.924000000000000000e+03
1.660253000000000000e+06 4.948000000000000000e+03
1.660286000000000000e+06 4.976000000000000000e+03
1.660321000000000000e+06 4.963000000000000000e+03
1.660304000000000000e+06 4.920000000000000000e+03
1.660332000000000000e+06 4.942000000000000000e+03
1.660427000000000000e+06 4.916000000000000000e+03
1.660412000000000000e+06 4.956000000000000000e+03
1.660431000000000000e+06 4.989000000000000000e+03
1.660476000000000000e+06 4.964000000000000000e+03
1.660461000000000000e+06 4.968000000000000000e+03
1.660599000000000000e+06 5.006000000000000000e+03
1.660614000000000000e+06 5.004000000000000000e+03
1.660720000000000000e+06 4.978000000000000000e+03
1.660733000000000000e+06 5.019000000000000000e+03
1.660742000000000000e+06 4.959000000000000000e+03
1.660935000000000000e+06 4.884000000000000000e+03
1.660967000000000000e+06 4.972000000000000000e+03
1.661052000000000000e+06 4.927000000000000000e+03
1.661128000000000000e+06 4.954000000000000000e+03
1.661299000000000000e+06 4.861000000000000000e+03
1.661453000000000000e+06 4.795000000000000000e+03
1.661652000000000000e+06 4.727000000000000000e+03
1.661754000000000000e+06 4.769000000000000000e+03
1.661889000000000000e+06 4.514000000000000000e+03
1.662065000000000000e+06 4.560000000000000000e+03
1.662352000000000000e+06 4.418000000000000000e+03
1.662657000000000000e+06 4.319000000000000000e+03
1.662873000000000000e+06 4.126000000000000000e+03
1.663152000000000000e+06 4.090000000000000000e+03
1.663543000000000000e+06 4.047000000000000000e+03
1.663757000000000000e+06 3.973000000000000000e+03
1.664331000000000000e+06 3.666000000000000000e+03
1.664780000000000000e+06 3.458000000000000000e+03
1.665195000000000000e+06 3.436000000000000000e+03
1.665757000000000000e+06 3.016000000000000000e+03
1.666495000000000000e+06 3.147000000000000000e+03
1.667347000000000000e+06 2.850000000000000000e+03
1.668327000000000000e+06 2.209000000000000000e+03
1.669267000000000000e+06 2.121000000000000000e+03
1.669913000000000000e+06 1.561000000000000000e+03
1.671057000000000000e+06 5.030000000000000000e+02
1.672670000000000000e+06 5.580000000000000000e+02
1.674494000000000000e+06 1.210000000000000000e+02
1.676221000000000000e+06 1.180000000000000000e+02
1.678345000000000000e+06 1.170000000000000000e+02
1.680951000000000000e+06 1.170000000000000000e+02
1.684469000000000000e+06 1.190000000000000000e+02
1.686854000000000000e+06 1.260000000000000000e+02
1.690863000000000000e+06 1.250000000000000000e+02
1.694778000000000000e+06 1.280000000000000000e+02
1.694296000000000000e+06 1.270000000000000000e+02
1.693711000000000000e+06 1.270000000000000000e+02
1.693359000000000000e+06 1.300000000000000000e+02
1.693098000000000000e+06 1.280000000000000000e+02
1.692840000000000000e+06 1.290000000000000000e+02
1.692729000000000000e+06 1.320000000000000000e+02
1.692506000000000000e+06 1.310000000000000000e+02
1.692323000000000000e+06 1.310000000000000000e+02
1.692136000000000000e+06 1.250000000000000000e+02
1.691991000000000000e+06 1.270000000000000000e+02
1.691407000000000000e+06 1.310000000000000000e+02
1.689035000000000000e+06 1.310000000000000000e+02
1.684084000000000000e+06 1.200000000000000000e+02
1.681154000000000000e+06 1.170000000000000000e+02
1.677815000000000000e+06 1.190000000000000000e+02
1.675037000000000000e+06 1.450000000000000000e+02
1.672953000000000000e+06 7.080000000000000000e+02
1.670991000000000000e+06 9.690000000000000000e+02
1.669203000000000000e+06 1.429000000000000000e+03
1.667882000000000000e+06 1.817000000000000000e+03
1.666794000000000000e+06 2.673000000000000000e+03
1.666232000000000000e+06 3.026000000000000000e+03
1.665314000000000000e+06 3.123000000000000000e+03
1.664545000000000000e+06 3.507000000000000000e+03
1.663886000000000000e+06 3.799000000000000000e+03
1.663362000000000000e+06 3.824000000000000000e+03
1.662950000000000000e+06 4.159000000000000000e+03
1.662552000000000000e+06 4.146000000000000000e+03
1.662164000000000000e+06 4.017000000000000000e+03
1.661787000000000000e+06 4.042000000000000000e+03
1.661603000000000000e+06 4.450000000000000000e+03
1.661411000000000000e+06 4.620000000000000000e+03
1.661211000000000000e+06 4.626000000000000000e+03
1.661054000000000000e+06 4.657000000000000000e+03
1.660917000000000000e+06 4.651000000000000000e+03
1.660773000000000000e+06 4.911000000000000000e+03
1.660669000000000000e+06 4.859000000000000000e+03
1.660562000000000000e+06 4.830000000000000000e+03
1.660531000000000000e+06 4.924000000000000000e+03
1.660471000000000000e+06 4.961000000000000000e+03
1.660471000000000000e+06 4.930000000000000000e+03
1.660382000000000000e+06 4.993000000000000000e+03
1.660391000000000000e+06 4.970000000000000000e+03
1.660373000000000000e+06 4.994000000000000000e+03
1.660351000000000000e+06 5.003000000000000000e+03
1.660303000000000000e+06 4.951000000000000000e+03
1.660283000000000000e+06 5.018000000000000000e+03
1.660283000000000000e+06 4.982000000000000000e+03
1.660252000000000000e+06 4.939000000000000000e+03
1.660277000000000000e+06 5.053000000000000000e+03
1.660244000000000000e+06 4.925000000000000000e+03
1.660215000000000000e+06 5.010000000000000000e+03
1.660292000000000000e+06 4.912000000000000000e+03
1.660235000000000000e+06 4.994000000000000000e+03
1.660233000000000000e+06 4.954000000000000000e+03
1.660275000000000000e+06 4.987000000000000000e+03
1.660212000000000000e+06 4.947000000000000000e+03
1.660245000000000000e+06 5.011000000000000000e+03
1.660167000000000000e+06 4.982000000000000000e+03
1.660239000000000000e+06 5.047000000000000000e+03
1.660183000000000000e+06 4.994000000000000000e+03
1.660202000000000000e+06 4.926000000000000000e+03
1.660213000000000000e+06 4.971000000000000000e+03
1.660183000000000000e+06 4.925000000000000000e+03
1.660236000000000000e+06 4.942000000000000000e+03
1.660209000000000000e+06 5.014000000000000000e+03
1.660193000000000000e+06 4.985000000000000000e+03
1.660213000000000000e+06 4.994000000000000000e+03
1.660267000000000000e+06 4.952000000000000000e+03
1.660245000000000000e+06 4.921000000000000000e+03
1.660200000000000000e+06 5.045000000000000000e+03
