1.660195000000000000e+06 4.956000000000000000e+03
1.660174000000000000e+06 4.971000000000000000e+03
1.660150000000000000e+06 4.979000000000000000e+03
1.660161000000000000e+06 4.933000000000000000e+03
1.660171000000000000e+06 4.914000000000000000e+03
1.660216000000000000e+06 5.016000000000000000e+03
1.660168000000000000e+06 5.079000000000000000e+03
1.660206000000000000e+06 5.008000000000000000e+03
1.660210000000000000e+06 4.969000000000000000e+03
1.660184000000000000e+06 5.051000000000000000e+03
1.660184000000000000e+06 4.999000000000000000e+03
1.660219000000000000e+06 4.984000000000000000e+03
1.660218000000000000e+06 5.013000000000000000e+03
1.660207000000000000e+06 5.034000000000000000e+03
1.660185000000000000e+06 5.023000000000000000e+03
1.660213000000000000e+06 4.976000000000000000e+03
1.660242000000000000e+06 5.067000000000000000e+03
1.660294000000000000e+06 4.985000000000000000e+03
1.660329000000000000e+06 4.997000000000000000e+03
1.660329000000000000e+06 5.055000000000000000e+03
1.660299000000000000e+06 5.072000000000000000e+03
1.660339000000000000e+06 4.996000000000000000e+03
1.660357000000000000e+06 5.125000000000000000e+03
1.660404000000000000e+06 5.096000000000000000e+03
1.660392000000000000e+06 5.035000000000000000e+03
1.660387000000000000e+06 5.007000000000000000e+03
1.660427000000000000e+06 5.065000000000000000e+03
1.660483000000000000e+06 5.036000000000000000e+03
1.660535000000000000e+06 5.036000000000000000e+03
1.660640000000000000e+06 5.061000000000000000e+03
1.660673000000000000e+06 5.074000000000000000e+03
1.660669000000000000e+06 5.055000000000000000e+03
1.660779000000000000e+06 4.931000000000000000e+03
1.660879000000000000e+06 4.987000000000000000e+03
1.660987000000000000e+06 4.826000000000000000e+03
1.661105000000000000e+06 4.969000000000000000e+03
1.661223000000000000e+06 4.948000000000000000e+03
1.661350000000000000e+06 4.933000000000000000e+03
1.661512000000000000e+06 4.892000000000000000e+03
1.661661000000000000e+06 4.896000000000000000e+03
1.661802000000000000e+06 4.768000000000000000e+03
1.662117000000000000e+06 4.744000000000000000e+03
1.662355000000000000e+06 4.822000000000000000e+03
1.662530000000000000e+06 4.677000000000000000e+03
1.663120000000000000e+06 4.666000000000000000e+03
1.663385000000000000e+06 4.659000000000000000e+03
1.663959000000000000e+06 4.636000000000000000e+03
1.664128000000000000e+06 4.620000000000000000e+03
1.664732000000000000e+06 4.454000000000000000e+03
1.665362000000000000e+06 4.273000000000000000e+03
1.666094000000000000e+06 4.141000000000000000e+03
1.666629000000000000e+06 4.413000000000000000e+03
1.667066000000000000e+06 3.938000000000000000e+03
1.668380000000000000e+06 3.508000000000000000e+03
1.669207000000000000e+06 3.062000000000000000e+03
1.670147000000000000e+06 3.125000000000000000e+03
1.671114000000000000e+06 2.306000000000000000e+03
1.672785000000000000e+06 2.720000000000000000e+03
1.674628000000000000e+06 2.235000000000000000e+03
1.675498000000000000e+06 1.600000000000000000e+03
1.679093000000000000e+06 1.532000000000000000e+03
1.681274000000000000e+06 1.180000000000000000e+02
1.686680000000000000e+06 1.200000000000000000e+02
1.688430000000000000e+06 1.270000000000000000e+02
1.695163000000000000e+06 1.270000000000000000e+02
1.698562000000000000e+06 1.260000000000000000e+02
1.696814000000000000e+06 1.290000000000000000e+02
1.696119000000000000e+06 1.320000000000000000e+02
1.695145000000000000e+06 1.270000000000000000e+02
1.694290000000000000e+06 1.270000000000000000e+02
1.693647000000000000e+06 1.250000000000000000e+02
1.693359000000000000e+06 1.310000000000000000e+02
1.692926000000000000e+06 1.290000000000000000e+02
1.692479000000000000e+06 1.280000000000000000e+02
1.692050000000000000e+06 1.300000000000000000e+02
1.691874000000000000e+06 1.300000000000000000e+02
1.691582000000000000e+06 1.290000000000000000e+02
1.691288000000000000e+06 1.300000000000000000e+02
1.690995000000000000e+06 1.300000000000000000e+02
1.690851000000000000e+06 1.290000000000000000e+02
1.690633000000000000e+06 1.290000000000000000e+02
1.690393000000000000e+06 1.290000000000000000e+02
1.690093000000000000e+06 1.260000000000000000e+02
1.689928000000000000e+06 1.290000000000000000e+02
1.689713000000000000e+06 1.300000000000000000e+02
1.689344000000000000e+06 1.270000000000000000e+02
1.688561000000000000e+06 1.290000000000000000e+02
1.687294000000000000e+06 1.280000000000000000e+02
1.685069000000000000e+06 1.210000000000000000e+02
1.680124000000000000e+06 2.590000000000000000e+02
1.675498000000000000e+06 4.580000000000000000e+02
1.674281000000000000e+06 1.961000000000000000e+03
1.671038000000000000e+06 1.966000000000000000e+03
1.670026000000000000e+06 3.326000000000000000e+03
1.668042000000000000e+06 3.815000000000000000e+03
1.667526000000000000e+06 4.128000000000000000e+03
1.666133000000000000e+06 4.246000000000000000e+03
1.665278000000000000e+06 4.262000000000000000e+03
1.664659000000000000e+06 4.567000000000000000e+03
1.664020000000000000e+06 4.499000000000000000e+03
1.663679000000000000e+06 4.573000000000000000e+03
1.662842000000000000e+06 4.501000000000000000e+03
1.662633000000000000e+06 4.641000000000000000e+03
1.662288000000000000e+06 4.565000000000000000e+03
1.661889000000000000e+06 4.755000000000000000e+03
1.661528000000000000e+06 4.935000000000000000e+03
1.661263000000000000e+06 4.764000000000000000e+03
1.661202000000000000e+06 4.829000000000000000e+03
1.660882000000000000e+06 4.889000000000000000e+03
1.660833000000000000e+06 4.960000000000000000e+03
1.660663000000000000e+06 4.947000000000000000e+03
1.660640000000000000e+06 4.985000000000000000e+03
1.660598000000000000e+06 4.968000000000000000e+03
1.660494000000000000e+06 4.871000000000000000e+03
1.660405000000000000e+06 5.084000000000000000e+03
1.660347000000000000e+06 4.964000000000000000e+03
1.660376000000000000e+06 4.894000000000000000e+03
1.660338000000000000e+06 4.947000000000000000e+03
1.660279000000000000e+06 4.935000000000000000e+03
1.660259000000000000e+06 5.109000000000000000e+03
1.660249000000000000e+06 4.848000000000000000e+03
1.660269000000000000e+06 4.954000000000000000e+03
1.660212000000000000e+06 5.007000000000000000e+03
1.660247000000000000e+06 5.031000000000000000e+03
1.660216000000000000e+06 5.011000000000000000e+03
1.660219000000000000e+06 5.106000000000000000e+03
1.660188000000000000e+06 5.027000000000000000e+03
1.660212000000000000e+06 5.007000000000000000e+03
1.660163000000000000e+06 4.989000000000000000e+03
1.660211000000000000e+06 5.035000000000000000e+03
1.660166000000000000e+06 5.029000000000000000e+03
1.660215000000000000e+06 5.011000000000000000e+03
1.660209000000000000e+06 5.030000000000000000e+03
1.660220000000000000e+06 4.995000000000000000e+03
1.660207000000000000e+06 4.972000000000000000e+03
1.660228000000000000e+06 4.926000000000000000e+03
1.660238000000000000e+06 5.040000000000000000e+03
1.660182000000000000e+06 4.958000000000000000e+03
1.660209000000000000e+06 5.030000000000000000e+03
1.660210000000000000e+06 5.028000000000000000e+03
1.660242000000000000e+06 4.979000000000000000e+03
1.660252000000000000e+06 4.970000000000000000e+03
1.660223000000000000e+06 4.965000000000000000e+03
1.660223000000000000e+06 5.034000000000000000e+03
1.660261000000000000e+06 5.011000000000000000e+03
1.660280000000000000e+06 5.002000000000000000e+03
1.660275000000000000e+06 5.025000000000000000e+03
1.660317000000000000e+06 5.011000000000000000e+03
1.660313000000000000e+06 5.074000000000000000e+03
1.660322000000000000e+06 4.983000000000000000e+03
1.660358000000000000e+06 5.022000000000000000e+03
1.660395000000000000e+06 5.086000000000000000e+03
1.660410000000000000e+06 5.071000000000000000e+03
1.660373000000000000e+06 5.054000000000000000e+03
1.660399000000000000e+06 5.071000000000000000e+03
1.660526000000000000e+06 4.998000000000000000e+03
1.660481000000000000e+06 5.078000000000000000e+03
1.660553000000000000e+06 5.086000000000000000e+03
1.660682000000000000e+06 5.051000000000000000e+03
1.660707000000000000e+06 4.985000000000000000e+03
1.660850000000000000e+06 4.966000000000000000e+03
1.660911000000000000e+06 5.023000000000000000e+03
1.660999000000000000e+06 5.032000000000000000e+03
1.661152000000000000e+06 5.064000000000000000e+03
1.661254000000000000e+06 5.037000000000000000e+03
1.661376000000000000e+06 5.092000000000000000e+03
1.661501000000000000e+06 5.001000000000000000e+03
1.661702000000000000e+06 5.014000000000000000e+03
1.661855000000000000e+06 4.981000000000000000e+03
1.662021000000000000e+06 5.006000000000000000e+03
1.662360000000000000e+06 4.956000000000000000e+03
1.662622000000000000e+06 4.950000000000000000e+03
1.663164000000000000e+06 4.843000000000000000e+03
1.663280000000000000e+06 4.873000000000000000e+03
1.663861000000000000e+06 4.784000000000000000e+03
1.664197000000000000e+06 4.478000000000000000e+03
1.664853000000000000e+06 4.466000000000000000e+03
1.665210000000000000e+06 4.665000000000000000e+03
1.665789000000000000e+06 4.386000000000000000e+03
1.666690000000000000e+06 4.098000000000000000e+03
1.667250000000000000e+06 3.965000000000000000e+03
1.668078000000000000e+06 3.691000000000000000e+03
1.668802000000000000e+06 3.048000000000000000e+03
1.670286000000000000e+06 2.791000000000000000e+03
1.671237000000000000e+06 2.669000000000000000e+03
1.672112000000000000e+06 2.320000000000000000e+03
1.674155000000000000e+06 2.228000000000000000e+03
1.675771000000000000e+06 1.887000000000000000e+03
1.679253000000000000e+06 8.710000000000000000e+02
1.680105000000000000e+06 1.200000000000000000e+02
1.685425000000000000e+06 1.180000000000000000e+02
1.688901000000000000e+06 1.200000000000000000e+02
1.695546000000000000e+06 1.240000000000000000e+02
1.697729000000000000e+06 1.260000000000000000e+02
1.697249000000000000e+06 1.220000000000000000e+02
1.695686000000000000e+06 1.250000000000000000e+02
1.694744000000000000e+06 1.250000000000000000e+02
1.694044000000000000e+06 1.270000000000000000e+02
1.693703000000000000e+06 1.260000000000000000e+02
1.693131000000000000e+06 1.270000000000000000e+02
1.692656000000000000e+06 1.230000000000000000e+02
1.692235000000000000e+06 1.240000000000000000e+02
1.692071000000000000e+06 1.270000000000000000e+02
1.691703000000000000e+06 1.210000000000000000e+02
1.691385000000000000e+06 1.270000000000000000e+02
1.691115000000000000e+06 1.240000000000000000e+02
1.690979000000000000e+06 1.230000000000000000e+02
1.690716000000000000e+06 1.190000000000000000e+02
1.690438000000000000e+06 1.220000000000000000e+02
1.690221000000000000e+06 1.210000000000000000e+02
1.690105000000000000e+06 1.220000000000000000e+02
1.689843000000000000e+06 1.200000000000000000e+02
1.689572000000000000e+06 1.270000000000000000e+02
1.689210000000000000e+06 1.290000000000000000e+02
1.688913000000000000e+06 1.230000000000000000e+02
1.686778000000000000e+06 1.190000000000000000e+02
1.684141000000000000e+06 1.190000000000000000e+02
1.678955000000000000e+06 1.453000000000000000e+03
1.676155000000000000e+06 1.542000000000000000e+03
1.673734000000000000e+06 2.766000000000000000e+03
1.670736000000000000e+06 2.932000000000000000e+03
1.669602000000000000e+06 3.531000000000000000e+03
1.668348000000000000e+06 3.531000000000000000e+03
1.667281000000000000e+06 3.772000000000000000e+03
1.665993000000000000e+06 4.115000000000000000e+03
1.665220000000000000e+06 4.255000000000000000e+03
1.664825000000000000e+06 4.503000000000000000e+03
1.663986000000000000e+06 4.441000000000000000e+03
1.663572000000000000e+06 4.579000000000000000e+03
1.662803000000000000e+06 4.430000000000000000e+03
1.662687000000000000e+06 4.587000000000000000e+03
1.662214000000000000e+06 4.811000000000000000e+03
1.661818000000000000e+06 4.708000000000000000e+03
1.661451000000000000e+06 4.902000000000000000e+03
1.661266000000000000e+06 4.764000000000000000e+03
1.661151000000000000e+06 4.924000000000000000e+03
1.660891000000000000e+06 4.950000000000000000e+03
1.660814000000000000e+06 5.011000000000000000e+03
1.660728000000000000e+06 5.017000000000000000e+03
1.660605000000000000e+06 5.040000000000000000e+03
1.660555000000000000e+06 4.949000000000000000e+03
1.660500000000000000e+06 4.962000000000000000e+03
1.660458000000000000e+06 5.086000000000000000e+03
1.660381000000000000e+06 4.996000000000000000e+03
1.660392000000000000e+06 5.030000000000000000e+03
1.660344000000000000e+06 5.022000000000000000e+03
1.660302000000000000e+06 4.916000000000000000e+03
1.660269000000000000e+06 4.953000000000000000e+03
1.660228000000000000e+06 4.961000000000000000e+03
1.660211000000000000e+06 4.925000000000000000e+03
1.660230000000000000e+06 5.002000000000000000e+03
1.660232000000000000e+06 5.033000000000000000e+03
1.660233000000000000e+06 5.028000000000000000e+03
1.660167000000000000e+06 5.062000000000000000e+03
1.660146000000000000e+06 5.054000000000000000e+03
1.660197000000000000e+06 5.061000000000000000e+03
1.660183000000000000e+06 5.031000000000000000e+03
1.660176000000000000e+06 5.010000000000000000e+03
1.660252000000000000e+06 5.047000000000000000e+03
1.660196000000000000e+06 5.007000000000000000e+03
1.660164000000000000e+06 5.018000000000000000e+03
1.660190000000000000e+06 5.069000000000000000e+03
1.660180000000000000e+06 5.034000000000000000e+03
1.660197000000000000e+06 5.069000000000000000e+03
1.660204000000000000e+06 5.002000000000000000e+03
1.660214000000000000e+06 4.951000000000000000e+03
1.660191000000000000e+06 4.983000000000000000e+03
1.660225000000000000e+06 5.053000000000000000e+03
1.660235000000000000e+06 5.015000000000000000e+03
1.660242000000000000e+06 5.057000000000000000e+03
1.660192000000000000e+06 4.996000000000000000e+03
1.660215000000000000e+06 5.010000000000000000e+03
1.660176000000000000e+06 5.053000000000000000e+03
1.660239000000000000e+06 5.063000000000000000e+03
1.660229000000000000e+06 5.076000000000000000e+03
1.660281000000000000e+06 5.065000000000000000e+03
1.660322000000000000e+06 5.032000000000000000e+03
1.660293000000000000e+06 5.102000000000000000e+03
1.660308000000000000e+06 5.053000000000000000e+03
1.660328000000000000e+06 4.980000000000000000e+03
1.660334000000000000e+06 5.092000000000000000e+03
1.660423000000000000e+06 5.021000000000000000e+03
1.660457000000000000e+06 5.088000000000000000e+03
1.660528000000000000e+06 5.070000000000000000e+03
1.660563000000000000e+06 5.044000000000000000e+03
1.660576000000000000e+06 5.085000000000000000e+03
1.660619000000000000e+06 4.969000000000000000e+03
1.660666000000000000e+06 4.994000000000000000e+03
1.660749000000000000e+06 4.990000000000000000e+03
1.660865000000000000e+06 4.940000000000000000e+03
1.660969000000000000e+06 5.052000000000000000e+03
1.661150000000000000e+06 5.062000000000000000e+03
1.661182000000000000e+06 4.991000000000000000e+03
1.661467000000000000e+06 4.967000000000000000e+03
1.661475000000000000e+06 5.039000000000000000e+03
1.661663000000000000e+06 4.978000000000000000e+03
1.661755000000000000e+06 5.046000000000000000e+03
1.662047000000000000e+06 4.751000000000000000e+03
1.662345000000000000e+06 4.315000000000000000e+03
1.662628000000000000e+06 4.672000000000000000e+03
1.662996000000000000e+06 4.682000000000000000e+03
1.663229000000000000e+06 4.789000000000000000e+03
1.663869000000000000e+06 4.621000000000000000e+03
1.664203000000000000e+06 4.492000000000000000e+03
1.664588000000000000e+06 4.647000000000000000e+03
1.665146000000000000e+06 4.494000000000000000e+03
1.665810000000000000e+06 4.315000000000000000e+03
1.666686000000000000e+06 4.021000000000000000e+03
1.666885000000000000e+06 4.141000000000000000e+03
1.668169000000000000e+06 3.950000000000000000e+03
1.668825000000000000e+06 2.323000000000000000e+03
1.670334000000000000e+06 2.745000000000000000e+03
1.670788000000000000e+06 2.853000000000000000e+03
1.672270000000000000e+06 1.985000000000000000e+03
1.674223000000000000e+06 1.566000000000000000e+03
1.676031000000000000e+06 1.343000000000000000e+03
1.678172000000000000e+06 5.050000000000000000e+02
1.680137000000000000e+06 1.210000000000000000e+02
1.685651000000000000e+06 1.190000000000000000e+02
1.689414000000000000e+06 1.250000000000000000e+02
1.693468000000000000e+06 1.260000000000000000e+02
1.697881000000000000e+06 1.280000000000000000e+02
1.696588000000000000e+06 1.290000000000000000e+02
1.695236000000000000e+06 1.260000000000000000e+02
1.694751000000000000e+06 1.320000000000000000e+02
1.693981000000000000e+06 1.260000000000000000e+02
1.693280000000000000e+06 1.280000000000000000e+02
1.692793000000000000e+06 1.270000000000000000e+02
1.692561000000000000e+06 1.250000000000000000e+02
1.692178000000000000e+06 1.280000000000000000e+02
1.691731000000000000e+06 1.290000000000000000e+02
1.691448000000000000e+06 1.250000000000000000e+02
1.691290000000000000e+06 1.270000000000000000e+02
1.691001000000000000e+06 1.260000000000000000e+02
1.690722000000000000e+06 1.280000000000000000e+02
1.690442000000000000e+06 1.240000000000000000e+02
1.690298000000000000e+06 1.210000000000000000e+02
1.690050000000000000e+06 1.240000000000000000e+02
1.689880000000000000e+06 1.260000000000000000e+02
1.689580000000000000e+06 1.240000000000000000e+02
1.689471000000000000e+06 1.270000000000000000e+02
1.689022000000000000e+06 1.230000000000000000e+02
1.688559000000000000e+06 1.300000000000000000e+02
1.686327000000000000e+06 1.230000000000000000e+02
1.685114000000000000e+06 1.170000000000000000e+02
1.680442000000000000e+06 9.160000000000000000e+02
1.675614000000000000e+06 1.378000000000000000e+03
1.673163000000000000e+06 2.195000000000000000e+03
1.671236000000000000e+06 2.179000000000000000e+03
1.670020000000000000e+06 3.171000000000000000e+03
1.668026000000000000e+06 3.545000000000000000e+03
1.667068000000000000e+06 3.511000000000000000e+03
1.666248000000000000e+06 4.363000000000000000e+03
1.665300000000000000e+06 4.325000000000000000e+03
1.664677000000000000e+06 4.530000000000000000e+03
1.663875000000000000e+06 4.650000000000000000e+03
1.663694000000000000e+06 4.429000000000000000e+03
1.662873000000000000e+06 4.481000000000000000e+03
1.662643000000000000e+06 4.663000000000000000e+03
1.662095000000000000e+06 4.648000000000000000e+03
1.661865000000000000e+06 4.802000000000000000e+03
1.661551000000000000e+06 4.755000000000000000e+03
1.661234000000000000e+06 4.821000000000000000e+03
1.661101000000000000e+06 4.978000000000000000e+03
1.660907000000000000e+06 4.986000000000000000e+03
1.660820000000000000e+06 5.019000000000000000e+03
1.660658000000000000e+06 4.989000000000000000e+03
1.660616000000000000e+06 4.931000000000000000e+03
1.660585000000000000e+06 5.141000000000000000e+03
1.660476000000000000e+06 4.958000000000000000e+03
1.660435000000000000e+06 4.940000000000000000e+03
1.660361000000000000e+06 5.021000000000000000e+03
1.660339000000000000e+06 4.962000000000000000e+03
1.660285000000000000e+06 5.064000000000000000e+03
1.660283000000000000e+06 5.004000000000000000e+03
1.660209000000000000e+06 4.994000000000000000e+03
1.660244000000000000e+06 5.003000000000000000e+03
1.660182000000000000e+06 4.961000000000000000e+03
1.660258000000000000e+06 5.016000000000000000e+03
1.660264000000000000e+06 5.051000000000000000e+03
1.660206000000000000e+06 5.073000000000000000e+03
1.660242000000000000e+06 5.067000000000000000e+03
1.660169000000000000e+06 5.007000000000000000e+03
1.660185000000000000e+06 5.067000000000000000e+03
1.660154000000000000e+06 5.039000000000000000e+03
1.660201000000000000e+06 5.014000000000000000e+03
1.660211000000000000e+06 5.028000000000000000e+03
1.660161000000000000e+06 4.981000000000000000e+03
1.660241000000000000e+06 4.956000000000000000e+03
1.660224000000000000e+06 4.990000000000000000e+03
1.660199000000000000e+06 5.005000000000000000e+03
1.660192000000000000e+06 4.983000000000000000e+03
1.660179000000000000e+06 5.018000000000000000e+03
1.660263000000000000e+06 5.009000000000000000e+03
1.660236000000000000e+06 4.994000000000000000e+03
1.660154000000000000e+06 4.994000000000000000e+03
1.660229000000000000e+06 5.041000000000000000e+03
1.660217000000000000e+06 4.975000000000000000e+03
1.660207000000000000e+06 5.002000000000000000e+03
1.660243000000000000e+06 4.991000000000000000e+03
1.660274000000000000e+06 5.030000000000000000e+03
1.660255000000000000e+06 5.028000000000000000e+03
1.660294000000000000e+06 5.088000000000000000e+03
1.660311000000000000e+06 5.014000000000000000e+03
1.660273000000000000e+06 5.025000000000000000e+03
1.660306000000000000e+06 5.080000000000000000e+03
1.660342000000000000e+06 5.052000000000000000e+03
1.660357000000000000e+06 5.059000000000000000e+03
1.660400000000000000e+06 5.079000000000000000e+03
1.660429000000000000e+06 5.052000000000000000e+03
1.660475000000000000e+06 5.077000000000000000e+03
1.660480000000000000e+06 5.076000000000000000e+03
1.660534000000000000e+06 5.042000000000000000e+03
1.660606000000000000e+06 5.051000000000000000e+03
1.660693000000000000e+06 5.020000000000000000e+03
1.660673000000000000e+06 5.028000000000000000e+03
1.660737000000000000e+06 4.957000000000000000e+03
1.660855000000000000e+06 4.991000000000000000e+03
1.660972000000000000e+06 5.122000000000000000e+03
1.661064000000000000e+06 5.020000000000000000e+03
1.661174000000000000e+06 4.955000000000000000e+03
1.661413000000000000e+06 4.952000000000000000e+03
1.661459000000000000e+06 4.908000000000000000e+03
1.661624000000000000e+06 4.922000000000000000e+03
1.661775000000000000e+06 4.886000000000000000e+03
1.662039000000000000e+06 4.574000000000000000e+03
1.662353000000000000e+06 4.738000000000000000e+03
1.662470000000000000e+06 4.514000000000000000e+03
1.662987000000000000e+06 4.471000000000000000e+03
1.663310000000000000e+06 4.261000000000000000e+03
1.663829000000000000e+06 4.253000000000000000e+03
1.663972000000000000e+06 4.549000000000000000e+03
1.664642000000000000e+06 4.342000000000000000e+03
1.665199000000000000e+06 4.148000000000000000e+03
1.665938000000000000e+06 3.968000000000000000e+03
1.666428000000000000e+06 4.178000000000000000e+03
1.666950000000000000e+06 3.966000000000000000e+03
1.668207000000000000e+06 3.859000000000000000e+03
1.669016000000000000e+06 3.209000000000000000e+03
1.669975000000000000e+06 2.862000000000000000e+03
1.670871000000000000e+06 2.646000000000000000e+03
1.672425000000000000e+06 2.370000000000000000e+03
1.674240000000000000e+06 1.755000000000000000e+03
1.675095000000000000e+06 1.701000000000000000e+03
1.678474000000000000e+06 1.575000000000000000e+03
1.680542000000000000e+06 1.180000000000000000e+02
1.685870000000000000e+06 1.190000000000000000e+02
1.687529000000000000e+06 1.220000000000000000e+02
1.694142000000000000e+06 1.200000000000000000e+02
1.697726000000000000e+06 1.210000000000000000e+02
1.696051000000000000e+06 1.240000000000000000e+02
1.695379000000000000e+06 1.210000000000000000e+02
1.694389000000000000e+06 1.210000000000000000e+02
1.693609000000000000e+06 1.220000000000000000e+02
1.693015000000000000e+06 1.250000000000000000e+02
1.692733000000000000e+06 1.210000000000000000e+02
1.692230000000000000e+06 1.210000000000000000e+02
1.691874000000000000e+06 1.220000000000000000e+02
1.691518000000000000e+06 1.210000000000000000e+02
1.691321000000000000e+06 1.220000000000000000e+02
1.691013000000000000e+06 1.250000000000000000e+02
1.690761000000000000e+06 1.250000000000000000e+02
1.690457000000000000e+06 1.250000000000000000e+02
1.690347000000000000e+06 1.260000000000000000e+02
1.690122000000000000e+06 1.240000000000000000e+02
1.689848000000000000e+06 1.240000000000000000e+02
1.689648000000000000e+06 1.270000000000000000e+02
1.689521000000000000e+06 1.200000000000000000e+02
1.689280000000000000e+06 1.200000000000000000e+02
1.688883000000000000e+06 1.260000000000000000e+02
1.688155000000000000e+06 1.220000000000000000e+02
1.686898000000000000e+06 1.190000000000000000e+02
1.684676000000000000e+06 1.200000000000000000e+02
1.679705000000000000e+06 1.314000000000000000e+03
1.675203000000000000e+06 1.847000000000000000e+03
1.674002000000000000e+06 2.867000000000000000e+03
1.670816000000000000e+06 2.731000000000000000e+03
1.669820000000000000e+06 3.588000000000000000e+03
1.667933000000000000e+06 3.240000000000000000e+03
1.667406000000000000e+06 3.785000000000000000e+03
1.666008000000000000e+06 3.985000000000000000e+03
1.665211000000000000e+06 4.314000000000000000e+03
1.664569000000000000e+06 4.799000000000000000e+03
1.664027000000000000e+06 4.502000000000000000e+03
1.663597000000000000e+06 4.813000000000000000e+03
1.662823000000000000e+06 4.634000000000000000e+03
1.662528000000000000e+06 4.854000000000000000e+03
1.662223000000000000e+06 4.883000000000000000e+03
1.661838000000000000e+06 4.870000000000000000e+03
1.661512000000000000e+06 4.936000000000000000e+03
1.661184000000000000e+06 4.887000000000000000e+03
1.661116000000000000e+06 4.883000000000000000e+03
1.660866000000000000e+06 5.039000000000000000e+03
1.660833000000000000e+06 4.981000000000000000e+03
1.660625000000000000e+06 4.983000000000000000e+03
1.660625000000000000e+06 4.996000000000000000e+03
1.660589000000000000e+06 5.065000000000000000e+03
1.660493000000000000e+06 4.982000000000000000e+03
1.660460000000000000e+06 4.993000000000000000e+03
1.660353000000000000e+06 5.126000000000000000e+03
1.660343000000000000e+06 5.095000000000000000e+03
1.660274000000000000e+06 4.996000000000000000e+03
1.660301000000000000e+06 4.992000000000000000e+03
1.660245000000000000e+06 4.986000000000000000e+03
1.660235000000000000e+06 4.954000000000000000e+03
1.660220000000000000e+06 5.135000000000000000e+03
1.660216000000000000e+06 5.084000000000000000e+03
1.660223000000000000e+06 5.055000000000000000e+03
1.660206000000000000e+06 5.019000000000000000e+03
1.660221000000000000e+06 5.121000000000000000e+03
1.660217000000000000e+06 4.985000000000000000e+03
1.660234000000000000e+06 5.064000000000000000e+03
1.660208000000000000e+06 4.945000000000000000e+03
1.660181000000000000e+06 4.992000000000000000e+03
1.660180000000000000e+06 5.024000000000000000e+03
1.660173000000000000e+06 5.001000000000000000e+03
1.660197000000000000e+06 5.009000000000000000e+03
1.660212000000000000e+06 5.005000000000000000e+03
1.660219000000000000e+06 5.033000000000000000e+03
1.660204000000000000e+06 5.008000000000000000e+03
1.660203000000000000e+06 5.016000000000000000e+03
1.660198000000000000e+06 5.007000000000000000e+03
1.660229000000000000e+06 5.019000000000000000e+03
1.660215000000000000e+06 5.039000000000000000e+03
1.660189000000000000e+06 5.011000000000000000e+03
1.660246000000000000e+06 5.053000000000000000e+03
1.660256000000000000e+06 4.986000000000000000e+03
1.660183000000000000e+06 5.044000000000000000e+03
1.660242000000000000e+06 5.023000000000000000e+03
1.660270000000000000e+06 5.039000000000000000e+03
1.660262000000000000e+06 5.023000000000000000e+03
1.660266000000000000e+06 5.072000000000000000e+03
1.660341000000000000e+06 5.035000000000000000e+03
1.660323000000000000e+06 5.052000000000000000e+03
1.660332000000000000e+06 5.072000000000000000e+03
1.660349000000000000e+06 5.117000000000000000e+03
1.660360000000000000e+06 5.029000000000000000e+03
1.660420000000000000e+06 5.103000000000000000e+03
1.660424000000000000e+06 5.092000000000000000e+03
1.660511000000000000e+06 5.040000000000000000e+03
1.660458000000000000e+06 5.102000000000000000e+03
1.660498000000000000e+06 5.041000000000000000e+03
1.660600000000000000e+06 4.891000000000000000e+03
1.660639000000000000e+06 4.978000000000000000e+03
1.660768000000000000e+06 5.007000000000000000e+03
1.660813000000000000e+06 5.023000000000000000e+03
1.660902000000000000e+06 5.084000000000000000e+03
1.661092000000000000e+06 5.025000000000000000e+03
1.661198000000000000e+06 5.008000000000000000e+03
1.661290000000000000e+06 4.921000000000000000e+03
1.661351000000000000e+06 4.938000000000000000e+03
1.661597000000000000e+06 4.897000000000000000e+03
1.661751000000000000e+06 4.902000000000000000e+03
1.661927000000000000e+06 4.926000000000000000e+03
1.662224000000000000e+06 4.687000000000000000e+03
1.662476000000000000e+06 4.591000000000000000e+03
1.663054000000000000e+06 4.615000000000000000e+03
1.663176000000000000e+06 4.301000000000000000e+03
1.663754000000000000e+06 4.429000000000000000e+03
1.664025000000000000e+06 4.477000000000000000e+03
1.664669000000000000e+06 4.536000000000000000e+03
1.664996000000000000e+06 4.511000000000000000e+03
1.665628000000000000e+06 4.312000000000000000e+03
1.666517000000000000e+06 4.227000000000000000e+03
1.667023000000000000e+06 3.842000000000000000e+03
1.667798000000000000e+06 3.498000000000000000e+03
1.668528000000000000e+06 3.089000000000000000e+03
1.669995000000000000e+06 3.350000000000000000e+03
1.670921000000000000e+06 3.217000000000000000e+03
1.672603000000000000e+06 2.490000000000000000e+03
1.673709000000000000e+06 1.748000000000000000e+03
1.675243000000000000e+06 2.322000000000000000e+03
1.678469000000000000e+06 1.957000000000000000e+03
1.681090000000000000e+06 1.240000000000000000e+02
1.684393000000000000e+06 1.190000000000000000e+02
1.687917000000000000e+06 1.220000000000000000e+02
1.694598000000000000e+06 1.240000000000000000e+02
1.697292000000000000e+06 1.220000000000000000e+02
1.696395000000000000e+06 1.310000000000000000e+02
1.694952000000000000e+06 1.230000000000000000e+02
1.694045000000000000e+06 1.250000000000000000e+02
1.693271000000000000e+06 1.250000000000000000e+02
1.692928000000000000e+06 1.250000000000000000e+02
1.692450000000000000e+06 1.290000000000000000e+02
1.691983000000000000e+06 1.280000000000000000e+02
1.691568000000000000e+06 1.210000000000000000e+02
1.691383000000000000e+06 1.270000000000000000e+02
1.691068000000000000e+06 1.270000000000000000e+02
1.690793000000000000e+06 1.260000000000000000e+02
1.690484000000000000e+06 1.280000000000000000e+02
1.690358000000000000e+06 1.280000000000000000e+02
1.690126000000000000e+06 1.240000000000000000e+02
1.689811000000000000e+06 1.270000000000000000e+02
1.689633000000000000e+06 1.280000000000000000e+02
1.689491000000000000e+06 1.230000000000000000e+02
1.689277000000000000e+06 1.290000000000000000e+02
1.689024000000000000e+06 1.240000000000000000e+02
1.688623000000000000e+06 1.240000000000000000e+02
1.688385000000000000e+06 1.250000000000000000e+02
1.686501000000000000e+06 1.240000000000000000e+02
1.684081000000000000e+06 1.210000000000000000e+02
1.678925000000000000e+06 7.950000000000000000e+02
1.676126000000000000e+06 1.547000000000000000e+03
1.673673000000000000e+06 2.501000000000000000e+03
1.670617000000000000e+06 2.251000000000000000e+03
1.669508000000000000e+06 3.561000000000000000e+03
1.668287000000000000e+06 3.539000000000000000e+03
1.667255000000000000e+06 3.984000000000000000e+03
1.665879000000000000e+06 4.285000000000000000e+03
1.665094000000000000e+06 4.568000000000000000e+03
1.664779000000000000e+06 4.653000000000000000e+03
1.663843000000000000e+06 4.545000000000000000e+03
1.663480000000000000e+06 4.737000000000000000e+03
1.662792000000000000e+06 4.874000000000000000e+03
1.662678000000000000e+06 4.896000000000000000e+03
1.662122000000000000e+06 4.856000000000000000e+03
1.661775000000000000e+06 4.979000000000000000e+03
1.661408000000000000e+06 4.923000000000000000e+03
1.661221000000000000e+06 4.866000000000000000e+03
1.661192000000000000e+06 4.990000000000000000e+03
1.660850000000000000e+06 4.963000000000000000e+03
1.660818000000000000e+06 4.976000000000000000e+03
1.660660000000000000e+06 5.007000000000000000e+03
1.660622000000000000e+06 4.986000000000000000e+03
1.660567000000000000e+06 5.016000000000000000e+03
1.660464000000000000e+06 5.012000000000000000e+03
1.660482000000000000e+06 5.031000000000000000e+03
1.660353000000000000e+06 5.010000000000000000e+03
1.660388000000000000e+06 5.033000000000000000e+03
1.660290000000000000e+06 5.063000000000000000e+03
1.660290000000000000e+06 5.042000000000000000e+03
1.660251000000000000e+06 5.081000000000000000e+03
1.660312000000000000e+06 5.064000000000000000e+03
1.660240000000000000e+06 5.055000000000000000e+03
1.660237000000000000e+06 5.055000000000000000e+03
1.660196000000000000e+06 5.106000000000000000e+03
1.660169000000000000e+06 5.007000000000000000e+03
1.660194000000000000e+06 5.019000000000000000e+03
1.660195000000000000e+06 4.986000000000000000e+03
1.660161000000000000e+06 5.115000000000000000e+03
1.660179000000000000e+06 5.055000000000000000e+03
1.660187000000000000e+06 4.994000000000000000e+03
1.660206000000000000e+06 5.066000000000000000e+03
1.660200000000000000e+06 5.051000000000000000e+03
1.660183000000000000e+06 5.048000000000000000e+03
1.660179000000000000e+06 5.046000000000000000e+03
1.660143000000000000e+06 5.065000000000000000e+03
1.660200000000000000e+06 5.039000000000000000e+03
1.660178000000000000e+06 5.092000000000000000e+03
1.660205000000000000e+06 5.070000000000000000e+03
1.660162000000000000e+06 5.020000000000000000e+03
1.660206000000000000e+06 5.064000000000000000e+03
1.660226000000000000e+06 5.041000000000000000e+03
1.660231000000000000e+06 5.110000000000000000e+03
1.660232000000000000e+06 5.020000000000000000e+03
1.660228000000000000e+06 4.935000000000000000e+03
1.660207000000000000e+06 5.048000000000000000e+03
1.660228000000000000e+06 5.013000000000000000e+03
1.660284000000000000e+06 5.070000000000000000e+03
1.660274000000000000e+06 5.024000000000000000e+03
1.660274000000000000e+06 5.047000000000000000e+03
1.660335000000000000e+06 5.062000000000000000e+03
1.660306000000000000e+06 5.098000000000000000e+03
1.660345000000000000e+06 5.008000000000000000e+03
1.660330000000000000e+06 5.105000000000000000e+03
1.660355000000000000e+06 5.120000000000000000e+03
1.660411000000000000e+06 5.129000000000000000e+03
1.660467000000000000e+06 5.106000000000000000e+03
1.660523000000000000e+06 5.088000000000000000e+03
1.660541000000000000e+06 5.072000000000000000e+03
1.660598000000000000e+06 5.011000000000000000e+03
1.660636000000000000e+06 5.030000000000000000e+03
1.660693000000000000e+06 4.999000000000000000e+03
1.660814000000000000e+06 5.011000000000000000e+03
1.660882000000000000e+06 5.002000000000000000e+03
1.661053000000000000e+06 4.950000000000000000e+03
1.661110000000000000e+06 4.975000000000000000e+03
1.661288000000000000e+06 5.015000000000000000e+03
1.661362000000000000e+06 4.965000000000000000e+03
1.661661000000000000e+06 5.007000000000000000e+03
1.661762000000000000e+06 4.713000000000000000e+03
1.661989000000000000e+06 4.921000000000000000e+03
1.662225000000000000e+06 4.731000000000000000e+03
1.662510000000000000e+06 4.363000000000000000e+03
1.662842000000000000e+06 4.358000000000000000e+03
1.663145000000000000e+06 4.258000000000000000e+03
1.663764000000000000e+06 4.255000000000000000e+03
1.664065000000000000e+06 4.403000000000000000e+03
1.664472000000000000e+06 4.323000000000000000e+03
1.665033000000000000e+06 4.357000000000000000e+03
1.665775000000000000e+06 4.177000000000000000e+03
1.666545000000000000e+06 3.919000000000000000e+03
1.666752000000000000e+06 3.954000000000000000e+03
1.667965000000000000e+06 3.811000000000000000e+03
1.668633000000000000e+06 3.584000000000000000e+03
1.670110000000000000e+06 3.414000000000000000e+03
1.670543000000000000e+06 2.930000000000000000e+03
1.672050000000000000e+06 2.590000000000000000e+03
1.673931000000000000e+06 1.727000000000000000e+03
1.675673000000000000e+06 1.757000000000000000e+03
1.677673000000000000e+06 1.730000000000000000e+03
1.679554000000000000e+06 1.200000000000000000e+02
1.684915000000000000e+06 1.210000000000000000e+02
1.688663000000000000e+06 1.210000000000000000e+02
1.692764000000000000e+06 1.280000000000000000e+02
1.697192000000000000e+06 1.310000000000000000e+02
1.695938000000000000e+06 1.290000000000000000e+02
1.694639000000000000e+06 1.290000000000000000e+02
1.694140000000000000e+06 1.290000000000000000e+02
1.693425000000000000e+06 1.270000000000000000e+02
1.692758000000000000e+06 1.300000000000000000e+02
1.692266000000000000e+06 1.270000000000000000e+02
1.692001000000000000e+06 1.290000000000000000e+02
1.691593000000000000e+06 1.280000000000000000e+02
1.691206000000000000e+06 1.280000000000000000e+02
1.690921000000000000e+06 1.250000000000000000e+02
1.690789000000000000e+06 1.270000000000000000e+02
1.690479000000000000e+06 1.260000000000000000e+02
1.690206000000000000e+06 1.270000000000000000e+02
1.689961000000000000e+06 1.270000000000000000e+02
1.689864000000000000e+06 1.280000000000000000e+02
1.689640000000000000e+06 1.300000000000000000e+02
1.689352000000000000e+06 1.260000000000000000e+02
1.689114000000000000e+06 1.280000000000000000e+02
1.689019000000000000e+06 1.230000000000000000e+02
1.688606000000000000e+06 1.300000000000000000e+02
1.688174000000000000e+06 1.230000000000000000e+02
1.686228000000000000e+06 1.260000000000000000e+02
1.685081000000000000e+06 1.180000000000000000e+02
1.680535000000000000e+06 6.470000000000000000e+02
1.675642000000000000e+06 1.091000000000000000e+03
1.673260000000000000e+06 2.289000000000000000e+03
1.671340000000000000e+06 2.552000000000000000e+03
1.670102000000000000e+06 3.468000000000000000e+03
1.668098000000000000e+06 3.449000000000000000e+03
1.667112000000000000e+06 4.176000000000000000e+03
1.666283000000000000e+06 3.952000000000000000e+03
1.665280000000000000e+06 4.059000000000000000e+03
1.664701000000000000e+06 4.202000000000000000e+03
1.663805000000000000e+06 4.282000000000000000e+03
1.663639000000000000e+06 4.655000000000000000e+03
1.662833000000000000e+06 4.611000000000000000e+03
1.662631000000000000e+06 4.623000000000000000e+03
1.662077000000000000e+06 4.703000000000000000e+03
1.661910000000000000e+06 4.530000000000000000e+03
1.661530000000000000e+06 4.825000000000000000e+03
1.661236000000000000e+06 4.915000000000000000e+03
1.661098000000000000e+06 4.944000000000000000e+03
1.660900000000000000e+06 4.880000000000000000e+03
1.660855000000000000e+06 4.954000000000000000e+03
1.660689000000000000e+06 5.005000000000000000e+03
1.660667000000000000e+06 5.049000000000000000e+03
1.660594000000000000e+06 4.984000000000000000e+03
1.660517000000000000e+06 5.028000000000000000e+03
1.660418000000000000e+06 5.052000000000000000e+03
1.660376000000000000e+06 5.033000000000000000e+03
1.660358000000000000e+06 5.074000000000000000e+03
1.660329000000000000e+06 5.013000000000000000e+03
1.660292000000000000e+06 5.077000000000000000e+03
1.660281000000000000e+06 5.014000000000000000e+03
1.660222000000000000e+06 5.134000000000000000e+03
1.660244000000000000e+06 4.984000000000000000e+03
1.660270000000000000e+06 5.065000000000000000e+03
1.660269000000000000e+06 5.023000000000000000e+03
1.660191000000000000e+06 4.982000000000000000e+03
1.660222000000000000e+06 5.040000000000000000e+03
1.660206000000000000e+06 5.021000000000000000e+03
1.660194000000000000e+06 5.069000000000000000e+03
1.660150000000000000e+06 5.015000000000000000e+03
1.660204000000000000e+06 5.037000000000000000e+03
1.660219000000000000e+06 5.033000000000000000e+03
1.660200000000000000e+06 5.003000000000000000e+03
1.660217000000000000e+06 4.995000000000000000e+03
1.660176000000000000e+06 5.030000000000000000e+03
1.660153000000000000e+06 4.977000000000000000e+03
1.660227000000000000e+06 5.058000000000000000e+03
1.660188000000000000e+06 4.967000000000000000e+03
1.660230000000000000e+06 5.036000000000000000e+03
1.660203000000000000e+06 5.013000000000000000e+03
1.660234000000000000e+06 4.978000000000000000e+03
1.660253000000000000e+06 5.004000000000000000e+03
1.660198000000000000e+06 4.989000000000000000e+03
1.660200000000000000e+06 5.005000000000000000e+03
1.660264000000000000e+06 4.980000000000000000e+03
1.660228000000000000e+06 5.043000000000000000e+03
1.660237000000000000e+06 5.035000000000000000e+03
1.660249000000000000e+06 5.102000000000000000e+03
1.660270000000000000e+06 5.044000000000000000e+03
1.660300000000000000e+06 5.026000000000000000e+03
1.660361000000000000e+06 5.031000000000000000e+03
1.660322000000000000e+06 5.061000000000000000e+03
1.660355000000000000e+06 5.141000000000000000e+03
1.660383000000000000e+06 5.026000000000000000e+03
1.660446000000000000e+06 5.071000000000000000e+03
1.660420000000000000e+06 5.088000000000000000e+03
1.660466000000000000e+06 5.032000000000000000e+03
1.660498000000000000e+06 5.087000000000000000e+03
1.660517000000000000e+06 5.071000000000000000e+03
1.660634000000000000e+06 5.097000000000000000e+03
1.660642000000000000e+06 5.100000000000000000e+03
1.660705000000000000e+06 5.101000000000000000e+03
1.660816000000000000e+06 4.998000000000000000e+03
1.660896000000000000e+06 5.066000000000000000e+03
1.661019000000000000e+06 5.010000000000000000e+03
1.661199000000000000e+06 4.964000000000000000e+03
1.661332000000000000e+06 5.072000000000000000e+03
1.661390000000000000e+06 5.010000000000000000e+03
1.661559000000000000e+06 5.069000000000000000e+03
1.661688000000000000e+06 5.074000000000000000e+03
1.661947000000000000e+06 4.749000000000000000e+03
1.662221000000000000e+06 4.717000000000000000e+03
1.662373000000000000e+06 4.728000000000000000e+03
1.662934000000000000e+06 4.313000000000000000e+03
1.663167000000000000e+06 4.485000000000000000e+03
1.663773000000000000e+06 4.302000000000000000e+03
1.663913000000000000e+06 4.195000000000000000e+03
1.664523000000000000e+06 4.193000000000000000e+03
1.665117000000000000e+06 4.125000000000000000e+03
1.665777000000000000e+06 3.959000000000000000e+03
1.666298000000000000e+06 3.475000000000000000e+03
1.666802000000000000e+06 3.329000000000000000e+03
1.668080000000000000e+06 3.139000000000000000e+03
1.668845000000000000e+06 3.268000000000000000e+03
1.669770000000000000e+06 3.489000000000000000e+03
1.670626000000000000e+06 2.677000000000000000e+03
1.672262000000000000e+06 2.354000000000000000e+03
1.674009000000000000e+06 2.529000000000000000e+03
1.674822000000000000e+06 2.477000000000000000e+03
1.678039000000000000e+06 1.949000000000000000e+03
1.680049000000000000e+06 1.270000000000000000e+02
1.685315000000000000e+06 1.190000000000000000e+02
1.687027000000000000e+06 1.220000000000000000e+02
1.693591000000000000e+06 1.260000000000000000e+02
1.697161000000000000e+06 1.290000000000000000e+02
1.695608000000000000e+06 1.270000000000000000e+02
1.694883000000000000e+06 1.260000000000000000e+02
1.693915000000000000e+06 1.280000000000000000e+02
1.693197000000000000e+06 1.240000000000000000e+02
1.692598000000000000e+06 1.250000000000000000e+02
1.692303000000000000e+06 1.250000000000000000e+02
1.691905000000000000e+06 1.270000000000000000e+02
1.691486000000000000e+06 1.240000000000000000e+02
1.691108000000000000e+06 1.240000000000000000e+02
1.690946000000000000e+06 1.270000000000000000e+02
1.690654000000000000e+06 1.250000000000000000e+02
1.690379000000000000e+06 1.300000000000000000e+02
1.690128000000000000e+06 1.290000000000000000e+02
1.689974000000000000e+06 1.250000000000000000e+02
1.689756000000000000e+06 1.260000000000000000e+02
1.689462000000000000e+06 1.270000000000000000e+02
1.689245000000000000e+06 1.300000000000000000e+02
1.689113000000000000e+06 1.260000000000000000e+02
1.688920000000000000e+06 1.290000000000000000e+02
1.688549000000000000e+06 1.290000000000000000e+02
1.687910000000000000e+06 1.260000000000000000e+02
1.686794000000000000e+06 1.230000000000000000e+02
1.684660000000000000e+06 1.170000000000000000e+02
1.679768000000000000e+06 7.870000000000000000e+02
1.675277000000000000e+06 1.628000000000000000e+03
1.674078000000000000e+06 1.993000000000000000e+03
1.670898000000000000e+06 2.366000000000000000e+03
1.669873000000000000e+06 3.434000000000000000e+03
1.667966000000000000e+06 3.461000000000000000e+03
1.667432000000000000e+06 3.658000000000000000e+03
1.666094000000000000e+06 4.107000000000000000e+03
1.665235000000000000e+06 3.982000000000000000e+03
1.664564000000000000e+06 4.108000000000000000e+03
1.663989000000000000e+06 4.495000000000000000e+03
1.663582000000000000e+06 4.547000000000000000e+03
1.662753000000000000e+06 4.663000000000000000e+03
1.662571000000000000e+06 4.666000000000000000e+03
1.662203000000000000e+06 4.671000000000000000e+03
1.661834000000000000e+06 4.788000000000000000e+03
1.661521000000000000e+06 4.688000000000000000e+03
1.661276000000000000e+06 4.827000000000000000e+03
1.661180000000000000e+06 4.872000000000000000e+03
1.660922000000000000e+06 4.889000000000000000e+03
1.660804000000000000e+06 4.990000000000000000e+03
1.660718000000000000e+06 5.002000000000000000e+03
1.660688000000000000e+06 4.983000000000000000e+03
1.660602000000000000e+06 5.011000000000000000e+03
1.660496000000000000e+06 5.018000000000000000e+03
1.660449000000000000e+06 4.993000000000000000e+03
1.660397000000000000e+06 5.044000000000000000e+03
1.660334000000000000e+06 5.055000000000000000e+03
1.660296000000000000e+06 5.003000000000000000e+03
1.660242000000000000e+06 5.048000000000000000e+03
1.660241000000000000e+06 5.074000000000000000e+03
1.660275000000000000e+06 5.026000000000000000e+03
1.660255000000000000e+06 5.057000000000000000e+03
1.660271000000000000e+06 5.038000000000000000e+03
1.660279000000000000e+06 5.057000000000000000e+03
1.660204000000000000e+06 5.036000000000000000e+03
1.660252000000000000e+06 5.053000000000000000e+03
1.660207000000000000e+06 5.023000000000000000e+03
1.660175000000000000e+06 5.049000000000000000e+03
1.660187000000000000e+06 5.075000000000000000e+03
1.660207000000000000e+06 5.045000000000000000e+03
1.660206000000000000e+06 5.141000000000000000e+03
1.660209000000000000e+06 5.051000000000000000e+03
1.660207000000000000e+06 5.068000000000000000e+03
1.660175000000000000e+06 5.036000000000000000e+03
1.660205000000000000e+06 5.019000000000000000e+03
1.660221000000000000e+06 5.030000000000000000e+03
1.660231000000000000e+06 5.074000000000000000e+03
1.660198000000000000e+06 5.029000000000000000e+03
1.660212000000000000e+06 5.015000000000000000e+03
1.660235000000000000e+06 4.985000000000000000e+03
1.660213000000000000e+06 5.016000000000000000e+03
1.660208000000000000e+06 5.006000000000000000e+03
1.660196000000000000e+06 5.036000000000000000e+03
1.660176000000000000e+06 5.015000000000000000e+03
1.660219000000000000e+06 5.045000000000000000e+03
1.660269000000000000e+06 5.064000000000000000e+03
1.660308000000000000e+06 5.032000000000000000e+03
1.660291000000000000e+06 5.006000000000000000e+03
1.660286000000000000e+06 5.073000000000000000e+03
1.660280000000000000e+06 5.037000000000000000e+03
1.660280000000000000e+06 5.068000000000000000e+03
1.660341000000000000e+06 5.065000000000000000e+03
1.660352000000000000e+06 5.029000000000000000e+03
1.660372000000000000e+06 5.065000000000000000e+03
1.660381000000000000e+06 5.042000000000000000e+03
1.660428000000000000e+06 5.048000000000000000e+03
1.660519000000000000e+06 5.047000000000000000e+03
1.660502000000000000e+06 5.030000000000000000e+03
1.660587000000000000e+06 5.085000000000000000e+03
1.660604000000000000e+06 5.021000000000000000e+03
1.660736000000000000e+06 5.054000000000000000e+03
1.660769000000000000e+06 5.006000000000000000e+03
1.660891000000000000e+06 5.061000000000000000e+03
1.661011000000000000e+06 5.028000000000000000e+03
1.661146000000000000e+06 5.126000000000000000e+03
1.661246000000000000e+06 5.080000000000000000e+03
1.661388000000000000e+06 5.080000000000000000e+03
1.661578000000000000e+06 4.939000000000000000e+03
1.661758000000000000e+06 5.020000000000000000e+03
1.661904000000000000e+06 4.962000000000000000e+03
1.662154000000000000e+06 4.825000000000000000e+03
1.662385000000000000e+06 4.621000000000000000e+03
1.662930000000000000e+06 4.638000000000000000e+03
1.663082000000000000e+06 4.710000000000000000e+03
1.663626000000000000e+06 4.809000000000000000e+03
1.663923000000000000e+06 4.427000000000000000e+03
1.664575000000000000e+06 4.319000000000000000e+03
1.664922000000000000e+06 4.225000000000000000e+03
1.665544000000000000e+06 4.163000000000000000e+03
1.666417000000000000e+06 4.032000000000000000e+03
1.666908000000000000e+06 3.717000000000000000e+03
1.667696000000000000e+06 3.269000000000000000e+03
1.668407000000000000e+06 3.478000000000000000e+03
1.669839000000000000e+06 3.167000000000000000e+03
1.670858000000000000e+06 2.624000000000000000e+03
1.671729000000000000e+06 2.864000000000000000e+03
1.673579000000000000e+06 2.566000000000000000e+03
1.675091000000000000e+06 2.402000000000000000e+03
1.678163000000000000e+06 2.235000000000000000e+03
1.678992000000000000e+06 1.190000000000000000e+02
1.684140000000000000e+06 1.220000000000000000e+02
1.687536000000000000e+06 1.200000000000000000e+02
1.694242000000000000e+06 1.190000000000000000e+02
1.696473000000000000e+06 1.210000000000000000e+02
1.696008000000000000e+06 1.210000000000000000e+02
1.694608000000000000e+06 1.220000000000000000e+02
1.693693000000000000e+06 1.210000000000000000e+02
1.693004000000000000e+06 1.250000000000000000e+02
1.692689000000000000e+06 1.270000000000000000e+02
1.692113000000000000e+06 1.240000000000000000e+02
1.691656000000000000e+06 1.290000000000000000e+02
1.691276000000000000e+06 1.250000000000000000e+02
1.691120000000000000e+06 1.280000000000000000e+02
1.690755000000000000e+06 1.260000000000000000e+02
1.690515000000000000e+06 1.290000000000000000e+02
1.690210000000000000e+06 1.230000000000000000e+02
1.690096000000000000e+06 1.230000000000000000e+02
1.689796000000000000e+06 1.240000000000000000e+02
1.689635000000000000e+06 1.290000000000000000e+02
1.689398000000000000e+06 1.260000000000000000e+02
1.689280000000000000e+06 1.250000000000000000e+02
1.689039000000000000e+06 1.250000000000000000e+02
1.688831000000000000e+06 1.250000000000000000e+02
1.688429000000000000e+06 1.240000000000000000e+02
1.688188000000000000e+06 1.300000000000000000e+02
1.686552000000000000e+06 1.230000000000000000e+02
1.684189000000000000e+06 1.190000000000000000e+02
1.679006000000000000e+06 1.109000000000000000e+03
1.676184000000000000e+06 1.576000000000000000e+03
1.673695000000000000e+06 2.256000000000000000e+03
1.670700000000000000e+06 2.708000000000000000e+03
1.669560000000000000e+06 3.053000000000000000e+03
1.668317000000000000e+06 3.234000000000000000e+03
1.667249000000000000e+06 3.962000000000000000e+03
1.665960000000000000e+06 3.872000000000000000e+03
1.665138000000000000e+06 4.002000000000000000e+03
1.664794000000000000e+06 4.275000000000000000e+03
1.663921000000000000e+06 4.384000000000000000e+03
1.663504000000000000e+06 4.582000000000000000e+03
1.662742000000000000e+06 4.497000000000000000e+03
1.662657000000000000e+06 4.506000000000000000e+03
1.662137000000000000e+06 4.660000000000000000e+03
1.661751000000000000e+06 4.723000000000000000e+03
1.661418000000000000e+06 4.744000000000000000e+03
1.661233000000000000e+06 4.876000000000000000e+03
1.661158000000000000e+06 4.835000000000000000e+03
1.660906000000000000e+06 4.884000000000000000e+03
1.660867000000000000e+06 4.938000000000000000e+03
1.660751000000000000e+06 4.916000000000000000e+03
1.660646000000000000e+06 5.022000000000000000e+03
1.660607000000000000e+06 4.919000000000000000e+03
1.660527000000000000e+06 4.969000000000000000e+03
1.660461000000000000e+06 5.032000000000000000e+03
1.660372000000000000e+06 5.006000000000000000e+03
1.660364000000000000e+06 4.998000000000000000e+03
1.660307000000000000e+06 5.016000000000000000e+03
1.660308000000000000e+06 5.044000000000000000e+03
1.660293000000000000e+06 5.012000000000000000e+03
1.660252000000000000e+06 5.075000000000000000e+03
1.660274000000000000e+06 5.075000000000000000e+03
1.660277000000000000e+06 5.027000000000000000e+03
1.660253000000000000e+06 5.019000000000000000e+03
1.660226000000000000e+06 4.928000000000000000e+03
1.660228000000000000e+06 5.020000000000000000e+03
1.660158000000000000e+06 5.016000000000000000e+03
1.660192000000000000e+06 5.012000000000000000e+03
1.660123000000000000e+06 5.015000000000000000e+03
1.660144000000000000e+06 5.028000000000000000e+03
1.660194000000000000e+06 5.014000000000000000e+03
1.660208000000000000e+06 5.100000000000000000e+03
1.660208000000000000e+06 5.042000000000000000e+03
1.660176000000000000e+06 5.070000000000000000e+03
1.660207000000000000e+06 4.994000000000000000e+03
1.660173000000000000e+06 5.066000000000000000e+03
1.660209000000000000e+06 4.985000000000000000e+03
1.660185000000000000e+06 5.009000000000000000e+03
1.660207000000000000e+06 5.025000000000000000e+03
1.660168000000000000e+06 4.885000000000000000e+03
1.660185000000000000e+06 4.978000000000000000e+03
1.660211000000000000e+06 4.927000000000000000e+03
1.660242000000000000e+06 4.957000000000000000e+03
1.660246000000000000e+06 5.026000000000000000e+03
1.660241000000000000e+06 5.008000000000000000e+03
1.660238000000000000e+06 5.005000000000000000e+03
1.660284000000000000e+06 5.043000000000000000e+03
1.660264000000000000e+06 5.089000000000000000e+03
1.660255000000000000e+06 5.094000000000000000e+03
1.660302000000000000e+06 4.989000000000000000e+03
1.660262000000000000e+06 5.045000000000000000e+03
1.660329000000000000e+06 5.051000000000000000e+03
1.660324000000000000e+06 5.029000000000000000e+03
1.660359000000000000e+06 5.053000000000000000e+03
1.660385000000000000e+06 4.971000000000000000e+03
1.660509000000000000e+06 5.076000000000000000e+03
1.660558000000000000e+06 5.053000000000000000e+03
1.660523000000000000e+06 5.061000000000000000e+03
1.660579000000000000e+06 5.023000000000000000e+03
1.660639000000000000e+06 5.042000000000000000e+03
1.660698000000000000e+06 5.072000000000000000e+03
1.660798000000000000e+06 5.086000000000000000e+03
1.660868000000000000e+06 5.114000000000000000e+03
1.661008000000000000e+06 5.061000000000000000e+03
1.661073000000000000e+06 5.035000000000000000e+03
1.661246000000000000e+06 5.054000000000000000e+03
1.661348000000000000e+06 5.102000000000000000e+03
1.661591000000000000e+06 5.032000000000000000e+03
1.661662000000000000e+06 4.993000000000000000e+03
1.661915000000000000e+06 4.931000000000000000e+03
1.662215000000000000e+06 4.933000000000000000e+03
1.662512000000000000e+06 4.724000000000000000e+03
1.662804000000000000e+06 4.662000000000000000e+03
1.663111000000000000e+06 4.593000000000000000e+03
1.663666000000000000e+06 4.549000000000000000e+03
1.664015000000000000e+06 4.406000000000000000e+03
1.664395000000000000e+06 4.383000000000000000e+03
1.664981000000000000e+06 4.300000000000000000e+03
1.665680000000000000e+06 4.251000000000000000e+03
1.666442000000000000e+06 4.298000000000000000e+03
1.666638000000000000e+06 4.010000000000000000e+03
1.667908000000000000e+06 3.344000000000000000e+03
1.668547000000000000e+06 3.238000000000000000e+03
1.669953000000000000e+06 3.071000000000000000e+03
1.670419000000000000e+06 2.567000000000000000e+03
1.671977000000000000e+06 2.597000000000000000e+03
1.673815000000000000e+06 2.498000000000000000e+03
1.675516000000000000e+06 2.036000000000000000e+03
1.677482000000000000e+06 1.984000000000000000e+03
1.679405000000000000e+06 1.780000000000000000e+02
1.684729000000000000e+06 1.210000000000000000e+02
1.688443000000000000e+06 1.260000000000000000e+02
1.692598000000000000e+06 1.230000000000000000e+02
1.696935000000000000e+06 1.270000000000000000e+02
1.695682000000000000e+06 1.240000000000000000e+02
1.694458000000000000e+06 1.250000000000000000e+02
1.693953000000000000e+06 1.230000000000000000e+02
1.693197000000000000e+06 1.260000000000000000e+02
1.692555000000000000e+06 1.280000000000000000e+02
1.692047000000000000e+06 1.280000000000000000e+02
1.691801000000000000e+06 1.260000000000000000e+02
1.691404000000000000e+06 1.270000000000000000e+02
1.691087000000000000e+06 1.260000000000000000e+02
1.690744000000000000e+06 1.280000000000000000e+02
1.690617000000000000e+06 1.230000000000000000e+02
1.690346000000000000e+06 1.280000000000000000e+02
1.690045000000000000e+06 1.300000000000000000e+02
1.689785000000000000e+06 1.280000000000000000e+02
1.689636000000000000e+06 1.230000000000000000e+02
1.689424000000000000e+06 1.270000000000000000e+02
1.689225000000000000e+06 1.260000000000000000e+02
1.688971000000000000e+06 1.260000000000000000e+02
1.688835000000000000e+06 1.260000000000000000e+02
1.688504000000000000e+06 1.220000000000000000e+02
1.688053000000000000e+06 1.220000000000000000e+02
1.686245000000000000e+06 1.250000000000000000e+02
1.685158000000000000e+06 1.180000000000000000e+02
1.680602000000000000e+06 9.310000000000000000e+02
1.675720000000000000e+06 1.836000000000000000e+03
1.673305000000000000e+06 2.205000000000000000e+03
1.671320000000000000e+06 2.322000000000000000e+03
1.670112000000000000e+06 2.810000000000000000e+03
1.668124000000000000e+06 3.100000000000000000e+03
1.667088000000000000e+06 3.844000000000000000e+03
1.666300000000000000e+06 3.558000000000000000e+03
1.665329000000000000e+06 3.910000000000000000e+03
1.664677000000000000e+06 4.345000000000000000e+03
1.663796000000000000e+06 4.297000000000000000e+03
1.663665000000000000e+06 4.501000000000000000e+03
1.662868000000000000e+06 4.547000000000000000e+03
1.662622000000000000e+06 4.557000000000000000e+03
1.662134000000000000e+06 4.741000000000000000e+03
1.661912000000000000e+06 4.769000000000000000e+03
1.661505000000000000e+06 4.833000000000000000e+03
1.661244000000000000e+06 4.843000000000000000e+03
1.661078000000000000e+06 4.879000000000000000e+03
1.660889000000000000e+06 4.817000000000000000e+03
1.660845000000000000e+06 5.021000000000000000e+03
1.660655000000000000e+06 4.982000000000000000e+03
1.660669000000000000e+06 4.978000000000000000e+03
1.660622000000000000e+06 4.994000000000000000e+03
1.660499000000000000e+06 4.924000000000000000e+03
1.660435000000000000e+06 4.947000000000000000e+03
1.660329000000000000e+06 5.074000000000000000e+03
1.660345000000000000e+06 5.077000000000000000e+03
1.660318000000000000e+06 4.956000000000000000e+03
1.660274000000000000e+06 5.132000000000000000e+03
1.660320000000000000e+06 5.019000000000000000e+03
1.660279000000000000e+06 4.937000000000000000e+03
1.660261000000000000e+06 4.985000000000000000e+03
1.660231000000000000e+06 4.963000000000000000e+03
1.660293000000000000e+06 5.016000000000000000e+03
1.660225000000000000e+06 4.967000000000000000e+03
1.660222000000000000e+06 5.031000000000000000e+03
1.660197000000000000e+06 4.991000000000000000e+03
1.660170000000000000e+06 5.068000000000000000e+03
1.660215000000000000e+06 4.957000000000000000e+03
1.660199000000000000e+06 4.971000000000000000e+03
1.660212000000000000e+06 4.967000000000000000e+03
1.660217000000000000e+06 4.879000000000000000e+03
1.660187000000000000e+06 4.984000000000000000e+03
1.660192000000000000e+06 4.935000000000000000e+03
1.660191000000000000e+06 4.929000000000000000e+03
1.660197000000000000e+06 4.951000000000000000e+03
1.660147000000000000e+06 4.984000000000000000e+03
1.660223000000000000e+06 5.050000000000000000e+03
1.660225000000000000e+06 4.981000000000000000e+03
1.660206000000000000e+06 5.012000000000000000e+03
1.660198000000000000e+06 4.942000000000000000e+03
1.660219000000000000e+06 5.046000000000000000e+03
1.660214000000000000e+06 5.010000000000000000e+03
1.660240000000000000e+06 5.024000000000000000e+03
1.660261000000000000e+06 5.066000000000000000e+03
1.660207000000000000e+06 5.068000000000000000e+03
1.660263000000000000e+06 5.032000000000000000e+03
1.660292000000000000e+06 5.085000000000000000e+03
1.660290000000000000e+06 5.063000000000000000e+03
1.660331000000000000e+06 5.130000000000000000e+03
1.660335000000000000e+06 5.065000000000000000e+03
1.660338000000000000e+06 5.088000000000000000e+03
1.660362000000000000e+06 5.079000000000000000e+03
1.660418000000000000e+06 5.087000000000000000e+03
1.660390000000000000e+06 5.013000000000000000e+03
1.660425000000000000e+06 5.072000000000000000e+03
1.660489000000000000e+06 5.097000000000000000e+03
1.660537000000000000e+06 5.022000000000000000e+03
1.660626000000000000e+06 5.031000000000000000e+03
1.660626000000000000e+06 5.054000000000000000e+03
1.660704000000000000e+06 5.002000000000000000e+03
1.660766000000000000e+06 4.976000000000000000e+03
1.660893000000000000e+06 5.052000000000000000e+03
1.661011000000000000e+06 5.103000000000000000e+03
1.661070000000000000e+06 5.129000000000000000e+03
1.661312000000000000e+06 5.107000000000000000e+03
1.661404000000000000e+06 4.919000000000000000e+03
1.661547000000000000e+06 4.997000000000000000e+03
1.661710000000000000e+06 4.978000000000000000e+03
1.661964000000000000e+06 4.926000000000000000e+03
1.662190000000000000e+06 4.821000000000000000e+03
1.662348000000000000e+06 4.678000000000000000e+03
1.662842000000000000e+06 4.631000000000000000e+03
1.663111000000000000e+06 4.558000000000000000e+03
1.663755000000000000e+06 4.555000000000000000e+03
1.663879000000000000e+06 4.502000000000000000e+03
1.664453000000000000e+06 4.282000000000000000e+03
1.665032000000000000e+06 4.440000000000000000e+03
1.665832000000000000e+06 4.140000000000000000e+03
1.666356000000000000e+06 4.047000000000000000e+03
1.666687000000000000e+06 4.301000000000000000e+03
1.668012000000000000e+06 4.189000000000000000e+03
1.668702000000000000e+06 3.351000000000000000e+03
1.669651000000000000e+06 3.345000000000000000e+03
1.670578000000000000e+06 2.998000000000000000e+03
1.672139000000000000e+06 2.874000000000000000e+03
1.673987000000000000e+06 2.606000000000000000e+03
1.674746000000000000e+06 1.990000000000000000e+03
1.677848000000000000e+06 1.255000000000000000e+03
1.679907000000000000e+06 1.190000000000000000e+02
1.685126000000000000e+06 1.150000000000000000e+02
1.686835000000000000e+06 1.190000000000000000e+02
1.693478000000000000e+06 1.200000000000000000e+02
1.696905000000000000e+06 1.220000000000000000e+02
1.695286000000000000e+06 1.240000000000000000e+02
1.694644000000000000e+06 1.210000000000000000e+02
1.693711000000000000e+06 1.260000000000000000e+02
1.692926000000000000e+06 1.220000000000000000e+02
1.692349000000000000e+06 1.250000000000000000e+02
1.692104000000000000e+06 1.210000000000000000e+02
1.691685000000000000e+06 1.220000000000000000e+02
1.691287000000000000e+06 1.240000000000000000e+02
1.690895000000000000e+06 1.220000000000000000e+02
1.690742000000000000e+06 1.250000000000000000e+02
1.690491000000000000e+06 1.250000000000000000e+02
1.690199000000000000e+06 1.250000000000000000e+02
1.689893000000000000e+06 1.270000000000000000e+02
1.689787000000000000e+06 1.220000000000000000e+02
1.689495000000000000e+06 1.250000000000000000e+02
1.689321000000000000e+06 1.240000000000000000e+02
1.689061000000000000e+06 1.260000000000000000e+02
1.688972000000000000e+06 1.280000000000000000e+02
