8.341970000000000000e+06 5.059000000000000000e+03
8.342609000000000000e+06 5.061000000000000000e+03
8.344982000000000000e+06 5.066000000000000000e+03
8.351156000000000000e+06 5.040000000000000000e+03
8.356332000000000000e+06 5.004000000000000000e+03
8.376828000000000000e+06 4.854000000000000000e+03
8.452700000000000000e+06 4.598000000000000000e+03
8.505730000000000000e+06 4.339000000000000000e+03
8.596671000000000000e+06 4.189000000000000000e+03
8.632317000000000000e+06 4.090000000000000000e+03
8.685179000000000000e+06 3.699000000000000000e+03
8.829595000000000000e+06 3.105000000000000000e+03
8.920893000000000000e+06 2.693000000000000000e+03
9.004881000000000000e+06 2.666000000000000000e+03
9.149847000000000000e+06 2.378000000000000000e+03
9.231834000000000000e+06 2.299000000000000000e+03
9.350208000000000000e+06 2.141000000000000000e+03
9.286769000000000000e+06 2.152000000000000000e+03
9.082202000000000000e+06 2.244000000000000000e+03
9.020336000000000000e+06 2.230000000000000000e+03
8.915362000000000000e+06 2.550000000000000000e+03
8.822570000000000000e+06 3.234000000000000000e+03
8.746447000000000000e+06 3.686000000000000000e+03
8.633009000000000000e+06 4.073000000000000000e+03
8.574350000000000000e+06 4.321000000000000000e+03
8.520706000000000000e+06 4.482000000000000000e+03
8.441522000000000000e+06 4.634000000000000000e+03
8.401458000000000000e+06 4.882000000000000000e+03
8.358614000000000000e+06 4.986000000000000000e+03
8.351317000000000000e+06 4.992000000000000000e+03
8.346840000000000000e+06 5.042000000000000000e+03
8.342185000000000000e+06 5.058000000000000000e+03
8.341755000000000000e+06 5.058000000000000000e+03
8.342196000000000000e+06 5.046000000000000000e+03
8.346402000000000000e+06 5.045000000000000000e+03
8.350006000000000000e+06 5.004000000000000000e+03
8.354986000000000000e+06 4.984000000000000000e+03
8.393455000000000000e+06 4.850000000000000000e+03
8.442313000000000000e+06 4.610000000000000000e+03
8.492463000000000000e+06 4.417000000000000000e+03
8.587473000000000000e+06 4.224000000000000000e+03
8.631625000000000000e+06 4.076000000000000000e+03
8.721354000000000000e+06 3.783000000000000000e+03
8.811601000000000000e+06 3.288000000000000000e+03
8.899111000000000000e+06 2.734000000000000000e+03
9.046286000000000000e+06 2.487000000000000000e+03
9.132380000000000000e+06 2.360000000000000000e+03
9.212207000000000000e+06 2.414000000000000000e+03
9.348230000000000000e+06 2.047000000000000000e+03
9.218006000000000000e+06 2.132000000000000000e+03
9.093605000000000000e+06 2.197000000000000000e+03
9.029228000000000000e+06 2.127000000000000000e+03
8.921184000000000000e+06 2.604000000000000000e+03
8.833672000000000000e+06 3.249000000000000000e+03
8.757263000000000000e+06 3.656000000000000000e+03
8.639451000000000000e+06 4.075000000000000000e+03
8.582475000000000000e+06 4.339000000000000000e+03
8.493575000000000000e+06 4.401000000000000000e+03
8.446213000000000000e+06 4.638000000000000000e+03
8.406138000000000000e+06 4.911000000000000000e+03
8.360006000000000000e+06 4.948000000000000000e+03
8.351981000000000000e+06 4.980000000000000000e+03
8.345439000000000000e+06 5.031000000000000000e+03
8.342457000000000000e+06 5.072000000000000000e+03
8.341509000000000000e+06 5.060000000000000000e+03
8.342077000000000000e+06 5.059000000000000000e+03
8.346058000000000000e+06 5.056000000000000000e+03
8.349030000000000000e+06 5.015000000000000000e+03
8.353824000000000000e+06 4.987000000000000000e+03
8.387547000000000000e+06 4.835000000000000000e+03
8.431782000000000000e+06 4.567000000000000000e+03
8.517059000000000000e+06 4.469000000000000000e+03
8.576599000000000000e+06 4.264000000000000000e+03
8.627071000000000000e+06 4.146000000000000000e+03
8.708648000000000000e+06 3.962000000000000000e+03
8.794790000000000000e+06 3.317000000000000000e+03
8.937685000000000000e+06 3.064000000000000000e+03
9.030944000000000000e+06 2.757000000000000000e+03
9.114081000000000000e+06 2.683000000000000000e+03
9.257301000000000000e+06 2.452000000000000000e+03
9.347094000000000000e+06 2.297000000000000000e+03
9.231648000000000000e+06 2.380000000000000000e+03
9.107195000000000000e+06 2.381000000000000000e+03
9.003119000000000000e+06 2.442000000000000000e+03
8.929245000000000000e+06 2.646000000000000000e+03
8.845106000000000000e+06 3.177000000000000000e+03
8.714268000000000000e+06 3.741000000000000000e+03
8.647400000000000000e+06 4.075000000000000000e+03
8.591465000000000000e+06 4.291000000000000000e+03
8.498288000000000000e+06 4.470000000000000000e+03
8.452325000000000000e+06 4.656000000000000000e+03
8.386509000000000000e+06 4.913000000000000000e+03
8.361507000000000000e+06 4.969000000000000000e+03
8.352316000000000000e+06 5.002000000000000000e+03
8.345518000000000000e+06 5.043000000000000000e+03
8.342775000000000000e+06 5.046000000000000000e+03
8.341884000000000000e+06 5.071000000000000000e+03
8.342311000000000000e+06 5.057000000000000000e+03
8.345182000000000000e+06 5.054000000000000000e+03
8.348450000000000000e+06 5.035000000000000000e+03
8.357227000000000000e+06 4.992000000000000000e+03
8.380797000000000000e+06 4.828000000000000000e+03
8.421700000000000000e+06 4.649000000000000000e+03
8.508803000000000000e+06 4.454000000000000000e+03
8.564262000000000000e+06 4.168000000000000000e+03
8.642929000000000000e+06 4.047000000000000000e+03
8.694923000000000000e+06 3.951000000000000000e+03
8.775907000000000000e+06 3.512000000000000000e+03
8.924372000000000000e+06 3.071000000000000000e+03
9.014417000000000000e+06 2.827000000000000000e+03
9.095730000000000000e+06 2.634000000000000000e+03
9.244838000000000000e+06 2.514000000000000000e+03
9.344472000000000000e+06 2.075000000000000000e+03
9.249375000000000000e+06 2.205000000000000000e+03
9.123607000000000000e+06 2.279000000000000000e+03
9.005121000000000000e+06 2.362000000000000000e+03
8.940196000000000000e+06 2.601000000000000000e+03
8.801483000000000000e+06 3.176000000000000000e+03
8.722434000000000000e+06 3.695000000000000000e+03
8.657076000000000000e+06 4.049000000000000000e+03
8.558337000000000000e+06 4.269000000000000000e+03
8.504162000000000000e+06 4.455000000000000000e+03
8.457856000000000000e+06 4.697000000000000000e+03
8.389872000000000000e+06 4.918000000000000000e+03
8.364113000000000000e+06 4.982000000000000000e+03
8.350054000000000000e+06 4.998000000000000000e+03
8.345589000000000000e+06 5.040000000000000000e+03
8.343188000000000000e+06 5.030000000000000000e+03
8.342001000000000000e+06 5.062000000000000000e+03
8.342266000000000000e+06 5.040000000000000000e+03
8.344559000000000000e+06 5.048000000000000000e+03
8.350561000000000000e+06 5.030000000000000000e+03
8.356331000000000000e+06 4.991000000000000000e+03
8.374564000000000000e+06 4.850000000000000000e+03
8.446295000000000000e+06 4.672000000000000000e+03
8.498840000000000000e+06 4.489000000000000000e+03
8.552472000000000000e+06 4.259000000000000000e+03
8.640495000000000000e+06 4.112000000000000000e+03
8.681046000000000000e+06 3.919000000000000000e+03
8.817168000000000000e+06 3.677000000000000000e+03
8.909334000000000000e+06 3.065000000000000000e+03
8.996038000000000000e+06 2.712000000000000000e+03
9.143164000000000000e+06 2.629000000000000000e+03
9.229128000000000000e+06 2.723000000000000000e+03
9.343620000000000000e+06 2.124000000000000000e+03
9.268944000000000000e+06 2.201000000000000000e+03
9.064148000000000000e+06 2.292000000000000000e+03
9.010527000000000000e+06 2.345000000000000000e+03
8.952357000000000000e+06 2.813000000000000000e+03
8.807963000000000000e+06 3.364000000000000000e+03
8.732231000000000000e+06 3.755000000000000000e+03
8.625749000000000000e+06 4.160000000000000000e+03
8.565318000000000000e+06 4.290000000000000000e+03
8.511899000000000000e+06 4.481000000000000000e+03
8.434143000000000000e+06 4.668000000000000000e+03
8.394516000000000000e+06 4.932000000000000000e+03
8.366565000000000000e+06 5.000000000000000000e+03
8.350140000000000000e+06 5.025000000000000000e+03
8.346195000000000000e+06 5.051000000000000000e+03
8.341980000000000000e+06 5.061000000000000000e+03
8.341910000000000000e+06 5.043000000000000000e+03
8.342283000000000000e+06 5.035000000000000000e+03
8.343815000000000000e+06 5.048000000000000000e+03
8.350078000000000000e+06 5.005000000000000000e+03
8.354610000000000000e+06 4.968000000000000000e+03
8.390204000000000000e+06 4.885000000000000000e+03
8.438685000000000000e+06 4.632000000000000000e+03
8.488801000000000000e+06 4.403000000000000000e+03
8.582310000000000000e+06 4.298000000000000000e+03
8.635377000000000000e+06 4.086000000000000000e+03
8.669586000000000000e+06 3.837000000000000000e+03
8.805333000000000000e+06 3.574000000000000000e+03
8.892212000000000000e+06 3.163000000000000000e+03
9.037280000000000000e+06 2.870000000000000000e+03
9.129411000000000000e+06 2.822000000000000000e+03
9.212103000000000000e+06 2.593000000000000000e+03
9.342343000000000000e+06 2.324000000000000000e+03
9.287746000000000000e+06 2.345000000000000000e+03
9.074980000000000000e+06 2.529000000000000000e+03
9.021393000000000000e+06 2.578000000000000000e+03
8.905559000000000000e+06 3.029000000000000000e+03
8.817626000000000000e+06 3.505000000000000000e+03
8.744230000000000000e+06 3.794000000000000000e+03
8.631567000000000000e+06 4.100000000000000000e+03
8.573781000000000000e+06 4.298000000000000000e+03
8.487336000000000000e+06 4.482000000000000000e+03
8.438982000000000000e+06 4.715000000000000000e+03
8.399366000000000000e+06 4.894000000000000000e+03
8.357994000000000000e+06 4.992000000000000000e+03
8.350944000000000000e+06 4.993000000000000000e+03
8.346633000000000000e+06 5.037000000000000000e+03
8.342045000000000000e+06 4.995000000000000000e+03
8.341699000000000000e+06 5.063000000000000000e+03
8.341859000000000000e+06 5.055000000000000000e+03
8.345590000000000000e+06 5.054000000000000000e+03
8.349197000000000000e+06 5.035000000000000000e+03
8.353797000000000000e+06 4.987000000000000000e+03
8.385631000000000000e+06 4.845000000000000000e+03
8.429811000000000000e+06 4.705000000000000000e+03
8.512521000000000000e+06 4.494000000000000000e+03
8.573796000000000000e+06 4.263000000000000000e+03
8.628310000000000000e+06 4.035000000000000000e+03
8.704131000000000000e+06 3.821000000000000000e+03
8.790155000000000000e+06 3.472000000000000000e+03
8.874440000000000000e+06 3.191000000000000000e+03
9.025742000000000000e+06 2.885000000000000000e+03
9.113080000000000000e+06 2.751000000000000000e+03
9.255822000000000000e+06 2.637000000000000000e+03
9.341403000000000000e+06 2.397000000000000000e+03
9.216268000000000000e+06 2.371000000000000000e+03
9.089622000000000000e+06 2.425000000000000000e+03
9.028344000000000000e+06 2.429000000000000000e+03
8.914112000000000000e+06 2.888000000000000000e+03
8.829836000000000000e+06 3.389000000000000000e+03
8.705992000000000000e+06 3.664000000000000000e+03
8.638713000000000000e+06 4.198000000000000000e+03
8.582498000000000000e+06 4.402000000000000000e+03
8.491538000000000000e+06 4.437000000000000000e+03
8.444968000000000000e+06 4.711000000000000000e+03
8.404605000000000000e+06 4.925000000000000000e+03
8.359524000000000000e+06 5.015000000000000000e+03
8.351750000000000000e+06 5.020000000000000000e+03
8.345127000000000000e+06 5.038000000000000000e+03
8.342197000000000000e+06 5.075000000000000000e+03
8.341657000000000000e+06 5.068000000000000000e+03
8.341589000000000000e+06 5.065000000000000000e+03
8.345077000000000000e+06 5.059000000000000000e+03
8.348383000000000000e+06 5.035000000000000000e+03
8.356955000000000000e+06 5.012000000000000000e+03
8.380004000000000000e+06 4.902000000000000000e+03
8.420838000000000000e+06 4.672000000000000000e+03
8.506201000000000000e+06 4.382000000000000000e+03
8.563915000000000000e+06 4.204000000000000000e+03
8.619204000000000000e+06 4.215000000000000000e+03
8.692987000000000000e+06 3.800000000000000000e+03
8.774261000000000000e+06 3.645000000000000000e+03
8.918579000000000000e+06 3.181000000000000000e+03
9.010896000000000000e+06 2.919000000000000000e+03
9.095091000000000000e+06 2.700000000000000000e+03
9.244743000000000000e+06 2.761000000000000000e+03
9.339513000000000000e+06 2.496000000000000000e+03
9.233411000000000000e+06 2.540000000000000000e+03
9.106280000000000000e+06 2.675000000000000000e+03
9.005910000000000000e+06 2.692000000000000000e+03
8.925547000000000000e+06 3.189000000000000000e+03
8.843318000000000000e+06 3.619000000000000000e+03
8.712775000000000000e+06 3.856000000000000000e+03
8.648910000000000000e+06 4.206000000000000000e+03
8.553347000000000000e+06 4.243000000000000000e+03
8.497850000000000000e+06 4.516000000000000000e+03
8.451340000000000000e+06 4.704000000000000000e+03
8.384948000000000000e+06 4.936000000000000000e+03
8.361463000000000000e+06 5.014000000000000000e+03
8.352192000000000000e+06 5.013000000000000000e+03
8.345642000000000000e+06 5.048000000000000000e+03
8.342755000000000000e+06 5.071000000000000000e+03
8.342007000000000000e+06 5.071000000000000000e+03
8.342135000000000000e+06 5.062000000000000000e+03
8.344528000000000000e+06 5.036000000000000000e+03
8.347774000000000000e+06 5.051000000000000000e+03
8.356019000000000000e+06 4.994000000000000000e+03
8.374547000000000000e+06 4.939000000000000000e+03
8.444726000000000000e+06 4.777000000000000000e+03
8.498236000000000000e+06 4.564000000000000000e+03
8.552860000000000000e+06 4.309000000000000000e+03
8.641854000000000000e+06 4.132000000000000000e+03
8.682207000000000000e+06 3.900000000000000000e+03
8.759040000000000000e+06 3.671000000000000000e+03
8.906568000000000000e+06 3.212000000000000000e+03
8.994946000000000000e+06 2.861000000000000000e+03
9.141041000000000000e+06 2.661000000000000000e+03
9.231442000000000000e+06 2.725000000000000000e+03
9.339063000000000000e+06 2.469000000000000000e+03
9.252833000000000000e+06 2.409000000000000000e+03
9.051520000000000000e+06 2.444000000000000000e+03
9.010517000000000000e+06 2.501000000000000000e+03
8.938630000000000000e+06 3.018000000000000000e+03
8.797144000000000000e+06 3.556000000000000000e+03
8.721772000000000000e+06 3.841000000000000000e+03
8.658898000000000000e+06 4.140000000000000000e+03
8.558717000000000000e+06 4.439000000000000000e+03
8.505028000000000000e+06 4.509000000000000000e+03
8.429373000000000000e+06 4.745000000000000000e+03
8.388983000000000000e+06 4.943000000000000000e+03
8.363600000000000000e+06 4.982000000000000000e+03
8.349503000000000000e+06 5.031000000000000000e+03
8.345455000000000000e+06 5.042000000000000000e+03
8.343070000000000000e+06 5.060000000000000000e+03
8.341762000000000000e+06 5.074000000000000000e+03
