8.341692000000000000e+06 5.047000000000000000e+03
8.341960000000000000e+06 5.040000000000000000e+03
8.345341000000000000e+06 5.036000000000000000e+03
8.352174000000000000e+06 5.010000000000000000e+03
8.368091000000000000e+06 4.950000000000000000e+03
8.391748000000000000e+06 4.818000000000000000e+03
8.457556000000000000e+06 4.710000000000000000e+03
8.545176000000000000e+06 4.621000000000000000e+03
8.631358000000000000e+06 4.408000000000000000e+03
8.651547000000000000e+06 4.402000000000000000e+03
8.747710000000000000e+06 4.310000000000000000e+03
8.857525000000000000e+06 4.233000000000000000e+03
8.966559000000000000e+06 4.168000000000000000e+03
9.035877000000000000e+06 4.034000000000000000e+03
9.146209000000000000e+06 3.919000000000000000e+03
9.254086000000000000e+06 3.889000000000000000e+03
9.315979000000000000e+06 3.821000000000000000e+03
9.268556000000000000e+06 3.814000000000000000e+03
9.096369000000000000e+06 3.874000000000000000e+03
9.017527000000000000e+06 3.995000000000000000e+03
8.943482000000000000e+06 4.096000000000000000e+03
8.821636000000000000e+06 4.192000000000000000e+03
8.720588000000000000e+06 4.250000000000000000e+03
8.628721000000000000e+06 4.393000000000000000e+03
8.577722000000000000e+06 4.562000000000000000e+03
8.501271000000000000e+06 4.713000000000000000e+03
8.437982000000000000e+06 4.798000000000000000e+03
8.390257000000000000e+06 4.839000000000000000e+03
8.370285000000000000e+06 4.872000000000000000e+03
8.351849000000000000e+06 4.911000000000000000e+03
8.344156000000000000e+06 4.923000000000000000e+03
8.341346000000000000e+06 4.983000000000000000e+03
8.341894000000000000e+06 5.039000000000000000e+03
8.341966000000000000e+06 5.036000000000000000e+03
8.345572000000000000e+06 5.009000000000000000e+03
8.352654000000000000e+06 5.004000000000000000e+03
8.361872000000000000e+06 4.976000000000000000e+03
8.396038000000000000e+06 4.826000000000000000e+03
8.464300000000000000e+06 4.680000000000000000e+03
8.550779000000000000e+06 4.590000000000000000e+03
8.608187000000000000e+06 4.457000000000000000e+03
8.658975000000000000e+06 4.469000000000000000e+03
8.755513000000000000e+06 4.360000000000000000e+03
8.861882000000000000e+06 4.342000000000000000e+03
8.932451000000000000e+06 4.222000000000000000e+03
9.045872000000000000e+06 4.173000000000000000e+03
9.151838000000000000e+06 4.088000000000000000e+03
9.214508000000000000e+06 4.027000000000000000e+03
9.326863000000000000e+06 3.926000000000000000e+03
9.242575000000000000e+06 3.870000000000000000e+03
9.077454000000000000e+06 3.995000000000000000e+03
9.033113000000000000e+06 3.996000000000000000e+03
8.923671000000000000e+06 4.162000000000000000e+03
8.806580000000000000e+06 4.260000000000000000e+03
8.709672000000000000e+06 4.252000000000000000e+03
8.652651000000000000e+06 4.337000000000000000e+03
8.566065000000000000e+06 4.437000000000000000e+03
8.492422000000000000e+06 4.657000000000000000e+03
8.432594000000000000e+06 4.765000000000000000e+03
8.401922000000000000e+06 4.840000000000000000e+03
8.366295000000000000e+06 4.927000000000000000e+03
8.350417000000000000e+06 4.941000000000000000e+03
8.343436000000000000e+06 4.969000000000000000e+03
8.341783000000000000e+06 4.985000000000000000e+03
8.341705000000000000e+06 5.047000000000000000e+03
8.341641000000000000e+06 5.040000000000000000e+03
8.345568000000000000e+06 5.040000000000000000e+03
8.349752000000000000e+06 4.976000000000000000e+03
8.363756000000000000e+06 4.956000000000000000e+03
8.400549000000000000e+06 4.849000000000000000e+03
8.468698000000000000e+06 4.719000000000000000e+03
8.522986000000000000e+06 4.594000000000000000e+03
8.617673000000000000e+06 4.473000000000000000e+03
8.664232000000000000e+06 4.421000000000000000e+03
8.761441000000000000e+06 4.326000000000000000e+03
8.830711000000000000e+06 4.259000000000000000e+03
8.944136000000000000e+06 4.176000000000000000e+03
9.053565000000000000e+06 4.094000000000000000e+03
9.115119000000000000e+06 4.036000000000000000e+03
9.226698000000000000e+06 3.943000000000000000e+03
9.336558000000000000e+06 3.942000000000000000e+03
9.222702000000000000e+06 3.835000000000000000e+03
9.123195000000000000e+06 3.870000000000000000e+03
9.021644000000000000e+06 3.928000000000000000e+03
8.907887000000000000e+06 4.046000000000000000e+03
8.795974000000000000e+06 4.152000000000000000e+03
8.736807000000000000e+06 4.360000000000000000e+03
8.639509000000000000e+06 4.467000000000000000e+03
8.556638000000000000e+06 4.507000000000000000e+03
8.486282000000000000e+06 4.721000000000000000e+03
8.447542000000000000e+06 4.775000000000000000e+03
8.395734000000000000e+06 4.861000000000000000e+03
8.363655000000000000e+06 4.868000000000000000e+03
8.349698000000000000e+06 4.919000000000000000e+03
8.345053000000000000e+06 4.999000000000000000e+03
8.341473000000000000e+06 4.990000000000000000e+03
8.341400000000000000e+06 5.032000000000000000e+03
8.341537000000000000e+06 5.024000000000000000e+03
8.344149000000000000e+06 5.031000000000000000e+03
8.350574000000000000e+06 4.998000000000000000e+03
8.364759000000000000e+06 4.945000000000000000e+03
8.403316000000000000e+06 4.891000000000000000e+03
8.445699000000000000e+06 4.726000000000000000e+03
8.532093000000000000e+06 4.565000000000000000e+03
8.625556000000000000e+06 4.462000000000000000e+03
8.668759000000000000e+06 4.410000000000000000e+03
8.731698000000000000e+06 4.294000000000000000e+03
8.841778000000000000e+06 4.194000000000000000e+03
8.952690000000000000e+06 4.137000000000000000e+03
9.016018000000000000e+06 4.003000000000000000e+03
9.127501000000000000e+06 3.944000000000000000e+03
9.237080000000000000e+06 3.913000000000000000e+03
9.343058000000000000e+06 3.827000000000000000e+03
9.274991000000000000e+06 3.796000000000000000e+03
9.102232000000000000e+06 3.912000000000000000e+03
9.012827000000000000e+06 3.967000000000000000e+03
8.896259000000000000e+06 4.106000000000000000e+03
8.825690000000000000e+06 4.183000000000000000e+03
8.723905000000000000e+06 4.361000000000000000e+03
8.629415000000000000e+06 4.465000000000000000e+03
8.550300000000000000e+06 4.539000000000000000e+03
8.504125000000000000e+06 4.714000000000000000e+03
8.438911000000000000e+06 4.792000000000000000e+03
8.390745000000000000e+06 4.807000000000000000e+03
8.361805000000000000e+06 4.902000000000000000e+03
8.352305000000000000e+06 4.932000000000000000e+03
8.344043000000000000e+06 4.978000000000000000e+03
8.341439000000000000e+06 4.997000000000000000e+03
8.341394000000000000e+06 5.038000000000000000e+03
8.341570000000000000e+06 5.031000000000000000e+03
8.344832000000000000e+06 5.026000000000000000e+03
8.351430000000000000e+06 4.972000000000000000e+03
8.366141000000000000e+06 4.939000000000000000e+03
8.388246000000000000e+06 4.883000000000000000e+03
8.454386000000000000e+06 4.765000000000000000e+03
8.541048000000000000e+06 4.562000000000000000e+03
8.631490000000000000e+06 4.469000000000000000e+03
8.652839000000000000e+06 4.379000000000000000e+03
8.742736000000000000e+06 4.262000000000000000e+03
8.851182000000000000e+06 4.278000000000000000e+03
8.915729000000000000e+06 4.184000000000000000e+03
9.030155000000000000e+06 4.085000000000000000e+03
9.138685000000000000e+06 3.964000000000000000e+03
9.245000000000000000e+06 4.002000000000000000e+03
9.308063000000000000e+06 3.857000000000000000e+03
9.252109000000000000e+06 3.852000000000000000e+03
9.084130000000000000e+06 3.935000000000000000e+03
9.004208000000000000e+06 3.952000000000000000e+03
8.932290000000000000e+06 4.090000000000000000e+03
8.811905000000000000e+06 4.177000000000000000e+03
8.712311000000000000e+06 4.202000000000000000e+03
8.622447000000000000e+06 4.466000000000000000e+03
8.571000000000000000e+06 4.496000000000000000e+03
8.495210000000000000e+06 4.722000000000000000e+03
8.433162000000000000e+06 4.795000000000000000e+03
8.387209000000000000e+06 4.858000000000000000e+03
8.367753000000000000e+06 4.873000000000000000e+03
8.350563000000000000e+06 4.939000000000000000e+03
8.343431000000000000e+06 4.964000000000000000e+03
8.342086000000000000e+06 4.999000000000000000e+03
8.342089000000000000e+06 5.036000000000000000e+03
8.341817000000000000e+06 5.037000000000000000e+03
8.344909000000000000e+06 5.050000000000000000e+03
8.351977000000000000e+06 4.990000000000000000e+03
8.360747000000000000e+06 4.928000000000000000e+03
8.394661000000000000e+06 4.886000000000000000e+03
8.461270000000000000e+06 4.728000000000000000e+03
8.547510000000000000e+06 4.551000000000000000e+03
8.606456000000000000e+06 4.400000000000000000e+03
8.656625000000000000e+06 4.384000000000000000e+03
8.751700000000000000e+06 4.325000000000000000e+03
8.815952000000000000e+06 4.256000000000000000e+03
8.930105000000000000e+06 4.176000000000000000e+03
9.041770000000000000e+06 4.074000000000000000e+03
9.147244000000000000e+06 4.001000000000000000e+03
9.211104000000000000e+06 3.914000000000000000e+03
9.322323000000000000e+06 3.802000000000000000e+03
9.232271000000000000e+06 3.761000000000000000e+03
9.069638000000000000e+06 3.894000000000000000e+03
9.022460000000000000e+06 3.914000000000000000e+03
8.915765000000000000e+06 4.012000000000000000e+03
8.799683000000000000e+06 4.131000000000000000e+03
8.704003000000000000e+06 4.417000000000000000e+03
8.646110000000000000e+06 4.486000000000000000e+03
8.560630000000000000e+06 4.564000000000000000e+03
8.488204000000000000e+06 4.703000000000000000e+03
8.428993000000000000e+06 4.812000000000000000e+03
8.398155000000000000e+06 4.871000000000000000e+03
8.364783000000000000e+06 4.903000000000000000e+03
8.349580000000000000e+06 4.951000000000000000e+03
8.345326000000000000e+06 4.962000000000000000e+03
8.341708000000000000e+06 5.000000000000000000e+03
8.341538000000000000e+06 5.030000000000000000e+03
