8.341856000000000000e+06 5.031000000000000000e+03
8.341998000000000000e+06 5.038000000000000000e+03
8.341666000000000000e+06 5.046000000000000000e+03
8.342469000000000000e+06 5.047000000000000000e+03
8.345354000000000000e+06 5.036000000000000000e+03
8.352213000000000000e+06 5.004000000000000000e+03
8.365334000000000000e+06 4.938000000000000000e+03
8.412139000000000000e+06 4.813000000000000000e+03
8.460805000000000000e+06 4.680000000000000000e+03
8.557093000000000000e+06 4.507000000000000000e+03
8.635355000000000000e+06 4.353000000000000000e+03
8.730124000000000000e+06 4.246000000000000000e+03
8.850005000000000000e+06 4.064000000000000000e+03
8.933425000000000000e+06 3.898000000000000000e+03
9.072995000000000000e+06 3.837000000000000000e+03
9.212276000000000000e+06 3.733000000000000000e+03
9.351305000000000000e+06 3.622000000000000000e+03
9.186622000000000000e+06 3.635000000000000000e+03
9.063421000000000000e+06 3.666000000000000000e+03
8.966207000000000000e+06 3.764000000000000000e+03
8.808022000000000000e+06 3.980000000000000000e+03
8.693602000000000000e+06 4.234000000000000000e+03
8.592973000000000000e+06 4.473000000000000000e+03
8.508590000000000000e+06 4.597000000000000000e+03
8.464415000000000000e+06 4.746000000000000000e+03
8.401504000000000000e+06 4.857000000000000000e+03
8.363780000000000000e+06 4.921000000000000000e+03
8.350304000000000000e+06 4.981000000000000000e+03
8.344375000000000000e+06 5.001000000000000000e+03
8.341920000000000000e+06 5.027000000000000000e+03
8.341946000000000000e+06 5.038000000000000000e+03
8.341555000000000000e+06 5.044000000000000000e+03
8.341866000000000000e+06 5.049000000000000000e+03
8.341770000000000000e+06 5.023000000000000000e+03
8.341901000000000000e+06 5.050000000000000000e+03
8.342075000000000000e+06 5.048000000000000000e+03
8.344930000000000000e+06 5.022000000000000000e+03
8.351424000000000000e+06 4.982000000000000000e+03
8.364223000000000000e+06 4.935000000000000000e+03
8.409978000000000000e+06 4.789000000000000000e+03
8.456647000000000000e+06 4.632000000000000000e+03
8.548893000000000000e+06 4.446000000000000000e+03
8.632678000000000000e+06 4.365000000000000000e+03
8.720352000000000000e+06 4.248000000000000000e+03
8.839748000000000000e+06 4.103000000000000000e+03
8.972006000000000000e+06 4.035000000000000000e+03
9.058697000000000000e+06 3.854000000000000000e+03
9.199117000000000000e+06 3.702000000000000000e+03
9.340172000000000000e+06 3.664000000000000000e+03
9.191905000000000000e+06 3.643000000000000000e+03
9.053179000000000000e+06 3.653000000000000000e+03
8.972499000000000000e+06 3.911000000000000000e+03
8.811779000000000000e+06 3.995000000000000000e+03
8.696118000000000000e+06 4.231000000000000000e+03
8.594888000000000000e+06 4.443000000000000000e+03
8.509907000000000000e+06 4.577000000000000000e+03
8.439846000000000000e+06 4.720000000000000000e+03
8.403373000000000000e+06 4.841000000000000000e+03
8.364541000000000000e+06 4.906000000000000000e+03
8.350838000000000000e+06 4.955000000000000000e+03
8.344286000000000000e+06 4.998000000000000000e+03
8.342089000000000000e+06 5.047000000000000000e+03
8.341834000000000000e+06 5.038000000000000000e+03
8.341701000000000000e+06 5.029000000000000000e+03
8.341719000000000000e+06 5.059000000000000000e+03
8.341793000000000000e+06 5.052000000000000000e+03
8.341858000000000000e+06 5.072000000000000000e+03
8.341867000000000000e+06 5.035000000000000000e+03
8.344229000000000000e+06 5.039000000000000000e+03
8.350594000000000000e+06 4.980000000000000000e+03
8.363392000000000000e+06 4.955000000000000000e+03
8.407560000000000000e+06 4.776000000000000000e+03
8.483615000000000000e+06 4.630000000000000000e+03
8.541532000000000000e+06 4.485000000000000000e+03
8.631534000000000000e+06 4.365000000000000000e+03
8.712117000000000000e+06 4.210000000000000000e+03
8.831706000000000000e+06 4.064000000000000000e+03
8.963801000000000000e+06 3.923000000000000000e+03
9.046491000000000000e+06 3.751000000000000000e+03
9.186573000000000000e+06 3.656000000000000000e+03
9.329827000000000000e+06 3.567000000000000000e+03
9.198302000000000000e+06 3.581000000000000000e+03
9.056452000000000000e+06 3.639000000000000000e+03
8.905423000000000000e+06 3.888000000000000000e+03
8.815936000000000000e+06 4.000000000000000000e+03
8.699819000000000000e+06 4.215000000000000000e+03
8.597785000000000000e+06 4.355000000000000000e+03
8.511483000000000000e+06 4.568000000000000000e+03
8.441253000000000000e+06 4.728000000000000000e+03
8.386037000000000000e+06 4.869000000000000000e+03
8.365275000000000000e+06 4.918000000000000000e+03
8.350604000000000000e+06 4.919000000000000000e+03
8.344021000000000000e+06 5.002000000000000000e+03
8.341770000000000000e+06 5.033000000000000000e+03
8.341820000000000000e+06 5.026000000000000000e+03
8.342042000000000000e+06 5.032000000000000000e+03
8.341588000000000000e+06 5.043000000000000000e+03
8.341970000000000000e+06 5.068000000000000000e+03
8.341836000000000000e+06 5.060000000000000000e+03
8.342072000000000000e+06 5.067000000000000000e+03
8.344185000000000000e+06 5.042000000000000000e+03
8.350149000000000000e+06 4.985000000000000000e+03
8.361930000000000000e+06 4.943000000000000000e+03
8.403242000000000000e+06 4.794000000000000000e+03
8.478670000000000000e+06 4.634000000000000000e+03
8.533682000000000000e+06 4.434000000000000000e+03
8.629163000000000000e+06 4.284000000000000000e+03
8.705988000000000000e+06 4.182000000000000000e+03
8.830436000000000000e+06 3.968000000000000000e+03
8.957947000000000000e+06 3.868000000000000000e+03
9.089855000000000000e+06 3.789000000000000000e+03
9.175420000000000000e+06 3.651000000000000000e+03
9.319063000000000000e+06 3.595000000000000000e+03
9.205774000000000000e+06 3.540000000000000000e+03
9.054100000000000000e+06 3.600000000000000000e+03
8.908868000000000000e+06 3.846000000000000000e+03
8.773600000000000000e+06 4.019000000000000000e+03
8.703987000000000000e+06 4.228000000000000000e+03
8.601247000000000000e+06 4.412000000000000000e+03
8.514043000000000000e+06 4.578000000000000000e+03
8.442449000000000000e+06 4.689000000000000000e+03
8.386481000000000000e+06 4.838000000000000000e+03
8.366555000000000000e+06 4.903000000000000000e+03
8.350793000000000000e+06 4.945000000000000000e+03
8.344277000000000000e+06 4.979000000000000000e+03
8.341934000000000000e+06 5.008000000000000000e+03
8.341364000000000000e+06 5.019000000000000000e+03
8.341824000000000000e+06 5.017000000000000000e+03
8.341927000000000000e+06 5.038000000000000000e+03
8.341923000000000000e+06 5.041000000000000000e+03
8.341643000000000000e+06 5.036000000000000000e+03
8.342065000000000000e+06 5.043000000000000000e+03
8.345263000000000000e+06 5.029000000000000000e+03
8.349426000000000000e+06 4.990000000000000000e+03
8.361039000000000000e+06 4.965000000000000000e+03
8.399934000000000000e+06 4.765000000000000000e+03
8.475679000000000000e+06 4.670000000000000000e+03
8.567996000000000000e+06 4.514000000000000000e+03
8.625180000000000000e+06 4.299000000000000000e+03
8.696253000000000000e+06 4.130000000000000000e+03
8.817739000000000000e+06 4.008000000000000000e+03
8.949263000000000000e+06 3.855000000000000000e+03
9.083832000000000000e+06 3.836000000000000000e+03
9.217556000000000000e+06 3.645000000000000000e+03
9.307881000000000000e+06 3.589000000000000000e+03
9.214595000000000000e+06 3.610000000000000000e+03
9.058899000000000000e+06 3.656000000000000000e+03
8.914280000000000000e+06 3.985000000000000000e+03
8.775454000000000000e+06 4.135000000000000000e+03
8.708854000000000000e+06 4.123000000000000000e+03
8.605676000000000000e+06 4.443000000000000000e+03
8.516724000000000000e+06 4.577000000000000000e+03
8.444047000000000000e+06 4.735000000000000000e+03
8.387598000000000000e+06 4.870000000000000000e+03
8.358624000000000000e+06 4.921000000000000000e+03
8.351144000000000000e+06 4.929000000000000000e+03
8.344193000000000000e+06 4.990000000000000000e+03
8.341856000000000000e+06 5.006000000000000000e+03
8.341919000000000000e+06 5.021000000000000000e+03
8.341946000000000000e+06 5.015000000000000000e+03
8.341867000000000000e+06 5.036000000000000000e+03
8.341870000000000000e+06 5.036000000000000000e+03
8.342069000000000000e+06 5.040000000000000000e+03
8.342057000000000000e+06 5.056000000000000000e+03
8.344834000000000000e+06 5.051000000000000000e+03
8.349045000000000000e+06 5.001000000000000000e+03
8.359641000000000000e+06 4.951000000000000000e+03
8.396406000000000000e+06 4.852000000000000000e+03
8.470499000000000000e+06 4.731000000000000000e+03
8.563768000000000000e+06 4.512000000000000000e+03
8.639947000000000000e+06 4.369000000000000000e+03
8.688288000000000000e+06 4.286000000000000000e+03
8.809253000000000000e+06 4.121000000000000000e+03
8.941202000000000000e+06 4.029000000000000000e+03
9.076834000000000000e+06 3.825000000000000000e+03
9.211287000000000000e+06 3.718000000000000000e+03
9.295945000000000000e+06 3.673000000000000000e+03
9.225790000000000000e+06 3.687000000000000000e+03
9.060254000000000000e+06 3.692000000000000000e+03
8.921360000000000000e+06 4.016000000000000000e+03
8.778252000000000000e+06 4.148000000000000000e+03
8.671950000000000000e+06 4.258000000000000000e+03
8.610465000000000000e+06 4.420000000000000000e+03
8.520555000000000000e+06 4.614000000000000000e+03
8.447093000000000000e+06 4.819000000000000000e+03
8.389050000000000000e+06 4.848000000000000000e+03
8.358934000000000000e+06 4.896000000000000000e+03
8.348287000000000000e+06 4.943000000000000000e+03
8.344676000000000000e+06 4.996000000000000000e+03
8.341825000000000000e+06 5.018000000000000000e+03
8.341520000000000000e+06 5.008000000000000000e+03
8.341893000000000000e+06 5.013000000000000000e+03
8.341608000000000000e+06 5.057000000000000000e+03
8.341755000000000000e+06 5.058000000000000000e+03
8.341442000000000000e+06 5.065000000000000000e+03
8.341857000000000000e+06 5.072000000000000000e+03
8.344938000000000000e+06 5.047000000000000000e+03
8.351177000000000000e+06 5.021000000000000000e+03
8.358756000000000000e+06 4.975000000000000000e+03
8.392670000000000000e+06 4.855000000000000000e+03
8.465879000000000000e+06 4.668000000000000000e+03
8.558602000000000000e+06 4.431000000000000000e+03
8.637917000000000000e+06 4.336000000000000000e+03
8.680454000000000000e+06 4.268000000000000000e+03
8.800984000000000000e+06 4.078000000000000000e+03
8.932687000000000000e+06 3.916000000000000000e+03
9.068961000000000000e+06 3.815000000000000000e+03
9.205266000000000000e+06 3.661000000000000000e+03
9.342858000000000000e+06 3.566000000000000000e+03
9.237967000000000000e+06 3.592000000000000000e+03
9.074658000000000000e+06 3.620000000000000000e+03
8.929159000000000000e+06 3.974000000000000000e+03
8.782740000000000000e+06 4.168000000000000000e+03
8.673418000000000000e+06 4.260000000000000000e+03
8.579616000000000000e+06 4.448000000000000000e+03
8.524401000000000000e+06 4.633000000000000000e+03
8.449974000000000000e+06 4.772000000000000000e+03
8.390736000000000000e+06 4.837000000000000000e+03
8.359465000000000000e+06 4.914000000000000000e+03
8.348122000000000000e+06 4.948000000000000000e+03
8.344616000000000000e+06 5.016000000000000000e+03
8.341662000000000000e+06 5.050000000000000000e+03
8.341711000000000000e+06 5.040000000000000000e+03
8.341736000000000000e+06 5.045000000000000000e+03
8.341860000000000000e+06 5.043000000000000000e+03
